0.156085
0.231974
0.210267
0.909738
0.859872
0.132940
0.580027
0.521097
0.965998
0.464911
0.774942
0.157412
0.115312
0.331003
0.446496
0.000280
0.008105
0.517470
0.066197
0.325921
0.881648
0.371875
0.914557
0.358502
0.463821
0.714242
0.534894
0.532932
0.910016
0.029700
0.131971
0.621431
0.625597
0.891291
0.254640
0.760389
0.440292
0.465896
0.035103
0.684497
0.320466
0.889280
0.026722
0.369268
0.299313
0.530174
0.129881
0.263645
0.262672
0.687842
0.346383
0.219417
0.651286
0.441918
0.754243
0.120537
0.741916
0.040019
0.781528
0.175056
0.833715
0.133175
0.215497
0.511452
0.420177
0.387480
0.395278
0.194808
0.365779
0.795929
0.298840
0.400608
0.711929
0.298037
0.126943
0.454975
0.684885
0.686388
0.559193
0.188260
0.336843
0.349121
0.890031
0.191664
0.468207
0.127891
0.317049
0.060589
0.140645
0.127095
0.380580
0.671205
0.628323
0.088750
0.297767
0.441447
0.518749
0.513665
0.238417
0.168275
0.794526
0.008340
0.295285
0.333941
0.472091
0.454287
0.485889
0.817670
0.159716
0.750936
0.516895
0.015909
0.668920
0.023202
0.101241
0.186238
0.028544
0.438405
0.479293
0.514030
0.581089
0.935989
0.932633
0.489328
0.714630
0.630754
0.444865
0.369590
0.306599
0.779498
0.602100
0.414700
0.095570
0.144402
0.326817
0.312646
0.320622
0.185857
0.552271
0.682714
0.928037
0.994250
0.471468
0.185019
0.150973
0.715706
0.655297
0.324425
0.414794
0.228127
0.795341
0.999757
0.178583
0.703996
0.492945
0.564455
0.662926
0.119185
0.712642
0.205160
0.673671
0.507955
0.832917
0.033371
0.803296
0.815481
0.211668
0.268005
0.545297
0.171468
0.485021
0.607170
0.555621
0.717414
0.750502
0.094177
0.239433
0.506824
0.067807
0.609139
0.003067
0.567626
0.581258
0.578634
0.652128
0.220823
0.668249
0.969867
0.436526
0.486675
0.379108
0.028617
0.021434
0.391414
0.480667
0.290750
0.458663
0.790488
0.088715
0.672495
0.442543
0.519263
0.015882
0.013801
0.851807
0.671434
0.126028
0.324326
0.451721
0.597590
0.489407
0.256680
0.110281
0.360080
0.164575
0.900009
0.814837
0.902942
0.394977
0.429405
0.145117
0.442925
0.288601
0.029086
0.580119
0.726120
0.243539
0.701734
0.566412
0.756746
0.195688
0.977671
0.519658
0.099517
0.680817
0.970236
0.252280
0.197994
0.762400
0.267357
0.734712
0.791629
0.250588
0.872862
0.730136
0.733907
0.002217
0.677880
0.160055
0.092817
0.114770
0.304016
0.886404
0.161896
0.778723
0.695662
0.655046
0.501541
0.176907
0.230680
0.863667
0.096299
0.432724
0.125520
0.514657
0.558052
0.400090
0.899079
0.484945
0.235329
0.440330
0.529192
0.277371
0.809722
0.417651
0.836873
0.594953
0.267773
0.838289
0.667784
0.962992
0.675779
0.508115
0.790870
0.379925
0.770666
0.365886
0.921092
0.373643
0.016339
0.817320
0.378073
0.632265
0.000137
0.977249
0.129155
0.439454
0.469532
0.950860
0.435922
0.650477
0.094740
0.818472
0.306540
0.412987
0.531343
0.893529
0.181074
0.527783
0.936990
0.248574
0.244379
0.093515
0.038924
0.933000
0.033899
0.390978
0.397801
0.053210
0.891751
0.608857
0.197606
0.898257
0.470968
0.325326
0.186551
0.303784
0.247412
0.349786
0.515238
0.102916
0.062592
0.271677
0.398764
0.168165
0.152654
0.067927
0.504857
0.402363
0.171103
0.678272
0.137071
0.283145
0.157564
0.552545
0.266896
0.274325
0.213815
0.418388
0.469444
0.389532
0.998655
0.492547
0.691371
0.109234
0.040399
0.674582
0.145201
0.173605
0.566290
0.715313
0.193009
0.670418
0.579386
0.641809
0.268623
0.601337
0.546509
0.115797
0.442525
0.147715
0.576145
0.120997
0.022573
0.592533
0.966856
0.785271
0.219408
0.744949
0.788203
0.015971
0.958191
0.303381
0.000102
0.286563
0.080501
0.594906
0.326943
0.286524
0.372087
0.175124
0.327796
0.789533
0.446172
0.471841
0.599947
0.568234
0.744368
0.630120
0.666751
0.035106
0.099458
0.269206
0.559563
0.752314
0.603528
0.794286
0.563139
0.512934
0.154364
0.822802
0.014941
0.685028
0.787943
0.069184
0.442996
0.665462
0.250123
0.768422
0.767284
0.184131
0.694987
0.261355
0.780017
0.498747
0.566620
0.352270
0.654536
0.984169
0.518927
0.925607
0.472699
0.689774
0.932355
0.724377
0.442204
0.204865
0.931467
0.974292
0.614480
0.486665
0.873839
0.811647
0.198208
0.892997
0.268423
0.587966
0.130067
0.078295
0.373830
0.865743
0.345005
0.324685
0.870460
0.476573
0.354226
0.824037
0.126855
0.661655
0.492755
0.362751
0.749074
0.900971
0.901831
0.044816
0.698238
0.100872
0.963252
0.574167
0.107309
0.425845
0.772840
0.879980
0.996847
0.715750
0.978035
0.221949
0.446830
0.481207
0.561770
0.628708
0.081055
0.474284
0.012175
0.353711
0.296216
0.426129
0.692445
0.429284
0.898688
0.166975
0.188398
0.414870
0.760401
0.846280
0.709043
0.066811
0.744703
0.452765
0.737877
0.157920
0.210900
0.438953
0.052777
0.806519
0.020508
0.983578
0.211731
0.572621
0.828773
0.216188
0.374424
0.190760
0.860964
0.453378
0.195707
0.789386
0.693085
0.229903
0.561473
0.199620
0.257798
0.857662
0.070337
0.716864
0.126868
0.399621
0.471275
0.648948
0.988402
0.926233
0.369389
0.205953
0.699281
0.497148
0.427753
0.758667
0.978398
0.327350
0.455661
0.521551
0.460837
0.413480
0.741880
0.303047
0.651167
0.531583
0.130466
0.733813
0.985752
0.062524
0.703838
0.193622
0.709910
0.488169
0.393815
0.859491
0.563171
0.943681
0.176787
0.052013
0.908420
0.838791
0.251349
0.072314
0.383524
0.300769
0.967601
0.377904
0.406283
0.859403
0.304929
0.642876
0.731206
0.034522
0.584279
0.714851
0.461229
0.099367
0.963829
0.708791
0.797672
0.386942
0.952565
0.301457
0.763361
0.626734
0.147944
0.152375
0.602689
0.520754
0.045642
0.067730
0.902805
0.004894
0.196007
0.502775
0.704664
0.628784
0.336808
0.026743
0.882306
0.907669
0.490493
0.734293
0.562975
0.575765
0.551742
0.792023
0.683755
0.577711
0.199334
0.741846
0.553744
0.792954
0.251619
0.177061
0.637245
0.635308
0.131642
0.768374
0.627895
0.598004
0.148681
0.297614
0.665624
0.868199
0.379559
0.906767
0.058067
0.165307
0.842911
0.086566
0.885280
0.852153
0.785471
0.253969
0.067259
0.779123
0.331556
0.231846
0.764407
0.432107
0.390121
0.655818
0.500192
0.478956
0.855891
0.036226
0.874481
0.849105
0.389279
0.000724
0.825903
0.163080
0.983001
0.502652
0.579659
0.664278
0.957179
0.042737
0.700763
0.963612
0.650669
0.176437
0.792209
0.681641
0.558533
0.316976
0.045286
0.818357
0.535834
0.427602
0.870076
0.608414
0.335928
0.988481
0.446616
0.177159
0.476876
0.093314
0.161818
0.463560
0.341582
0.182471
0.739140
0.285671
0.007766
0.810972
0.518852
0.733362
0.187538
0.715313
0.722556
0.050760
0.616568
0.413890
0.132835
0.358371
0.557816
0.606107
0.134668
0.598937
0.838089
0.553542
0.918019
0.321734
0.302995
0.224210
0.979593
0.707842
0.077382
0.733025
0.506776
0.525811
0.415783
0.606494
0.389306
0.318515
0.211965
0.061019
0.941092
0.049864
0.926500
0.883087
0.625980
0.090290
0.702724
0.996353
0.961617
0.269953
0.863345
0.365303
0.153770
0.680669
0.257049
0.134406
0.161816
0.704862
0.476640
0.467447
0.827860
0.517828
0.247875
0.194261
0.719320
0.460230
0.678530
0.953293
0.719185
0.027084
0.696319
0.990316
0.330280
0.648490
0.582580
0.166869
0.819853
0.914322
0.268533
0.580858
0.866296
0.491550
0.826341
0.312789
0.419546
0.311129
0.216789
0.839896
0.048087
0.979612
0.536166
0.074271
0.752462
0.865743
0.089258
0.958908
0.660398
0.714110
0.030771
0.132746
0.681201
0.653910
0.272149
0.250054
0.241833
0.894985
0.993041
0.354646
0.552685
0.095442
0.170327
0.354661
0.808739
0.169604
0.052877
0.140380
0.794081
0.858415
0.749289
0.517677
0.127930
0.415170
0.456254
0.093690
0.408980
0.617902
0.569850
0.663228
0.410821
0.141266
0.666412
0.239441
0.909126
0.447150
0.609185
0.697337
0.165481
0.365454
0.889659
0.687224
0.439108
0.011001
0.428532
0.679666
0.240325
0.811110
0.399369
0.967354
0.807313
0.322008
0.784881
0.875902
0.207371
0.258308
0.586840
0.771261
0.647254
0.957994
0.313319
0.674277
0.949144
0.942721
0.257311
0.235377
0.215867
0.054314
0.213160
0.714444
0.981010
0.095806
0.355736
0.835915
0.030298
0.161189
0.742859
0.207266
0.076425
0.598264
0.961099
0.817175
0.063292
0.038390
0.405550
0.747672
0.406248
0.088093
0.292585
0.970207
0.404345
0.926691
0.078549
0.225404
0.078648
0.137421
0.933858
0.633680
0.864730
0.290066
0.822239
0.138763
0.676403
0.636236
0.604772
0.488223
0.393104
0.010075
0.702378
0.359793
0.878193
0.741645
0.961123
0.484716
0.284034
0.051092
0.262908
0.285927
0.441925
0.836337
0.937531
0.663867
0.133109
0.392741
0.367552
0.573783
0.619977
0.364698
0.920127
0.879193
0.432987
0.432038
0.949266
0.661555
0.813455
0.087024
0.194695
0.605472
0.774282
0.942341
0.982336
0.525360
0.242388
0.360393
0.087250
0.136246
0.222133
0.086914
0.016832
0.668104
0.776251
0.318627
0.460517
0.883006
0.296651
0.324561
0.458770
0.212342
0.629509
0.090414
0.911049
0.244487
0.144985
0.394426
0.110372
0.710849
0.788282
0.769313
0.491684
0.689271
0.149224
0.628037
0.184305
0.138355
0.238372
0.646151
0.094631
0.310302
0.108651
0.905387
0.493710
0.099689
0.200419
0.029273
0.970892
0.861712
0.922971
0.942028
0.183058
0.089011
0.903107
0.608923
0.028821
0.399009
0.901480
0.045465
0.379820
0.299939
0.429176
0.055167
0.288371
0.897363
0.805843
0.822814
0.295633
0.739900
0.748599
0.844320
0.784434
0.531358
0.176044
0.549173
0.097680
0.450423
0.901564
0.626397
0.915871
0.951608
0.650158
0.132044
0.119031
0.408275
0.678545
0.702602
0.227180
0.952853
0.797817
0.567571
0.671518
0.799326
0.891179
0.988584
0.728383
0.421118
0.293798
0.055089
0.014910
0.341749
0.871995
0.789967
0.986048
0.829627
0.103371
0.300566
0.397150
0.739899
0.300408
0.670354
0.804091
0.198292
0.978061
0.601960
0.306286
0.126845
0.772884
0.654826
0.175625
0.678227
0.546701
0.036320
0.470035
0.678094
0.530243
0.036412
0.461682
0.393991
0.693187
0.937320
0.715031
0.236639
0.431297
0.693241
0.342063
0.750264
0.990171
0.728806
0.014010
0.095467
0.096833
0.168363
0.769699
0.658650
0.910165
0.907777
0.299712
0.515939
0.913599
0.467836
0.825014
0.249140
0.553296
0.661512
0.318358
0.980464
0.815330
0.856482
0.576804
0.567210
0.157107
0.066957
0.121680
0.710935
0.459705
0.505024
0.604333
0.728000
0.884908
0.627268
0.593228
0.626200
0.576327
0.605836
0.863995
0.443207
0.896322
0.398899
0.115331
0.402254
0.819785
0.722023
0.778131
0.634722
0.505747
0.736699
0.682951
0.649647
0.119588
0.840694
0.657702
0.151676
0.687144
0.589807
0.101766
0.827600
0.761392
0.676761
0.949672
0.876913
0.199870
0.070220
0.431507
0.406354
0.782323
0.013491
0.537773
0.839751
0.959659
0.352844
0.617569
0.698158
0.022229
0.756805
0.427674
0.218356
0.938914
0.859503
0.971118
0.570546
0.895776
0.740938
0.169281
0.483786
0.732661
0.453918
0.132894
0.319197
0.516364
0.034631
0.098501
0.381862
0.095685
0.911932
0.148752
0.872261
0.618018
0.326698
0.207135
0.655029
0.493925
0.588761
0.228485
0.220814
0.779703
0.321024
0.679435
0.215601
0.390534
0.557846
0.505086
0.182492
0.085776
0.235639
0.127645
0.063533
0.545601
0.315707
0.520997
0.559079
0.447621
0.814539
0.786117
0.827941
0.991279
0.091291
0.264600
0.968813
0.653450
0.421572
0.208949
0.686267
0.325038
0.829315
0.456037
0.442569
0.945492
0.256940
0.607590
0.451202
0.156119
0.557502
0.145813
0.588308
0.052941
0.885280
0.677212
0.460528
0.765387
0.626905
0.377208
0.173927
0.639634
0.244948
0.280811
0.669529
0.820234
0.655505
0.870765
0.533269
0.980860
0.213004
0.584049
0.385210
0.121541
0.814484
0.104504
0.859785
0.344828
0.530206
0.279473
0.232339
0.272283
0.248288
0.882019
0.743752
0.991183
0.889171
0.466549
0.532999
0.140731
0.084647
0.970619
0.891025
0.389980
0.408152
0.416027
0.735885
0.524907
0.294729
0.433980
0.589175
0.283960
0.640888
0.779347
0.693307
0.739906
0.904807
0.176729
0.803197
0.617584
0.411798
0.413307
0.480480
0.818516
0.393585
0.429587
0.327205
0.106792
0.091184
0.790213
0.882179
0.307692
0.890923
0.196656
0.916113
0.925648
0.251260
0.602384
0.211856
0.168939
0.059948
0.356648
0.738532
0.717282
0.294377
0.287510
0.760298
0.464665
0.943340
0.850221
0.980553
0.128492
0.231918
0.872713
0.443704
0.568868
0.840782
0.523617
0.222251
0.852971
0.660725
0.450014
0.694400
0.671216
0.689438
0.599299
0.539698
0.011599
0.031350
0.843278
0.072113
0.307533
0.210690
0.477961
0.239123
0.061013
0.632828
0.043132
0.060624
0.948791
0.779675
0.919859
0.898484
0.303862
0.318288
0.243354
0.455630
0.126145
0.058169
0.403232
0.509281
0.326179
0.374773
0.268496
0.905569
0.151567
0.908942
0.380516
0.852733
0.356001
0.403883
0.484583
0.213804
0.106934
0.362107
0.241448
0.466666
0.439439
0.318745
0.143133
0.868002
0.691339
0.363622
0.910477
0.208766
0.328132
0.320360
0.366699
0.903528
0.398649
0.473609
0.398372
0.768612
0.984796
0.529280
0.768516
0.479703
0.548464
0.179831
0.957353
0.335958
0.304643
0.722841
0.486580
0.848576
0.974876
0.746225
0.291534
0.221039
0.175478
0.238430
0.208525
0.632931
0.951074
0.176548
0.471597
0.827203
0.212149
0.834629
0.647786
0.214378
0.757917
0.461938
0.883658
0.524189
0.335056
0.679082
0.435825
0.787285
0.713607
0.799722
0.929301
0.602492
0.532645
0.471497
0.762100
0.877598
0.761085
0.323477
0.550325
0.570333
0.002590
0.594060
0.083882
0.899138
0.139968
0.403893
0.380764
0.951994
0.326978
0.599291
0.280164
0.786554
0.026117
0.635308
0.057862
0.953354
0.097239
0.669328
0.970757
0.570511
0.109691
0.666478
0.824468
0.231726
0.072813
0.091828
0.619607
0.335164
0.435084
0.867607
0.257397
0.525940
0.963531
0.257556
0.945536
0.947540
0.096437
0.472219
0.553118
0.277610
0.204801
0.418267
0.209233
0.864747
0.108601
0.265650
0.228260
0.155980
0.146252
0.852032
0.440833
0.650645
0.075024
0.442100
0.691262
0.310230
0.153122
0.801055
0.543779
0.971936
0.499914
0.059332
0.453739
0.549893
0.734628
0.186472
0.734121
0.185324
0.780464
0.651317
0.955624
0.876713
0.874352
0.420056
0.109333
0.196865
0.512135
0.331743
0.024000
0.496270
0.894143
0.820495
0.945729
0.660848
0.884854
0.179724
0.585113
0.131603
0.038361
0.752575
0.944064
0.053102
0.874571
0.125731
0.595469
0.386554
0.151276
0.765108
0.213662
0.058505
0.878150
0.892925
0.709079
0.892173
0.479883
0.821504
0.191931
0.738188
0.791849
0.138085
0.015034
0.602640
0.841693
0.651273
0.119086
0.779167
0.487592
0.087767
0.869483
0.178108
0.281786
0.066518
0.199386
0.681065
0.827346
0.927881
0.607706
0.661120
0.543422
0.380178
0.643147
0.137365
0.918076
0.820328
0.936525
0.829043
0.727287
0.578757
0.878800
0.993523
0.162284
0.789701
0.785692
0.535156
0.127767
0.646643
0.810273
0.397113
0.683080
0.258465
0.955285
0.230142
0.862072
0.623081
0.520649
0.896115
0.843603
0.115942
0.512870
0.573597
0.251639
0.016603
0.209712
0.135311
0.031603
0.395978
0.794633
0.574416
0.466626
0.261788
0.405144
0.753028
0.269888
0.453742
0.816032
0.145277
0.141268
0.905984
0.031604
0.092573
0.068988
0.475040
0.245725
0.170231
0.173392
0.029557
0.680286
0.827418
0.184229
0.662714
0.159485
0.667586
0.061526
0.680193
0.263038
0.218635
0.782809
0.743067
0.468666
0.378638
0.367007
0.639661
0.436973
0.177478
0.678474
0.953486
0.232144
0.979079
0.058169
0.684963
0.364105
0.844365
0.802830
0.750501
0.311506
0.208878
0.948653
0.639736
0.429719
0.914459
0.550173
0.059077
0.083656
0.837623
0.733623
0.419433
0.751907
0.578812
0.375992
0.668586
0.396026
0.652195
0.908611
0.146063
0.730528
0.112884
0.404093
0.441436
0.861944
0.980791
0.158308
0.154879
0.448718
0.453669
0.975388
0.644348
0.348344
0.732250
0.200547
0.774486
0.147418
0.251136
0.374012
0.563932
0.277331
0.883596
0.364514
0.626942
0.906903
0.049942
0.038676
0.842090
0.561489
0.497231
0.234327
0.950686
0.608567
0.908841
0.580813
0.781162
0.598338
0.352701
0.044530
0.846758
0.661254
0.869623
0.547857
0.393891
0.371680
0.533985
0.080531
0.942276
0.465420
0.080811
0.087760
0.772480
0.769012
0.112687
0.587051
0.402865
0.836196
0.998216
0.632068
0.002796
0.861069
0.056238
0.900835
0.120954
0.086615
0.284304
0.801675
0.558032
0.309717
0.798875
0.756894
0.138870
0.242565
0.960396
0.026684
0.088233
0.887734
0.145088
0.978962
0.890690
0.496870
0.254953
0.785309
0.413157
0.107072
0.403296
0.996940
0.395989
0.618466
0.251193
0.202079
0.268532
0.916488
0.174117
0.298235
0.341235
0.739421
0.645371
0.104879
0.607980
0.409337
0.500161
0.441860
0.893888
0.442653
0.865074
0.018947
0.025137
0.129611
0.894642
0.557163
0.806307
0.008649
0.900456
0.274991
0.499228
0.439204
0.314319
0.763196
0.846430
0.313428
0.765523
0.731397
0.140006
0.722448
0.167576
0.191045
0.298023
0.589017
0.730157
0.182751
0.327352
0.971454
0.387081
0.930395
0.454673
0.612523
0.992170
0.309905
0.592312
0.630127
0.723040
0.075202
0.331943
0.412592
0.856051
0.125261
0.391226
0.572254
0.002265
0.400571
0.642917
0.111363
0.701361
0.494993
0.608811
0.452344
0.149267
0.140094
0.960793
0.834004
0.015772
0.737096
0.096755
0.841635
0.415917
0.975119
0.147400
0.030440
0.043347
0.921341
0.364752
0.827372
0.721363
0.887707
0.592273
0.242428
0.743966
0.252865
0.564012
0.147851
0.840148
0.440568
0.436091
0.251580
0.734989
0.900627
0.404000
0.163561
0.624980
0.448147
0.132315
0.832441
0.027094
0.116283
0.929964
0.011192
0.323126
0.301084
0.080339
0.038049
0.378837
0.472049
0.503596
0.301847
0.004756
0.841034
0.745061
0.225361
0.252298
0.423433
0.514278
0.038648
0.041740
0.900683
0.400708
0.484198
0.950314
0.793786
0.103301
0.811733
0.421040
0.650421
0.704898
0.447316
0.585054
0.253940
0.586159
0.379313
0.305795
0.405151
0.729009
0.716704
0.819521
0.556326
0.459133
0.000022
0.759310
0.566068
0.435518
0.013473
0.764938
0.907868
0.781533
0.837604
0.510853
0.696616
0.485523
0.862298
0.269648
0.491075
0.448753
0.599447
0.079300
0.168486
0.324432
0.017686
0.087282
0.850564
0.466067
0.271220
0.006396
0.118294
0.548518
0.135533
0.782565
0.197331
0.541255
0.702564
0.575725
0.704216
0.626711
0.685141
0.014494
0.945779
0.626122
0.344155
0.498107
0.238976
0.615542
0.551849
0.127796
0.421087
0.894882
0.358952
0.085169
0.846809
0.909826
0.668134
0.143364
0.571194
0.577972
0.403342
0.573443
0.291665
0.947545
0.672094
0.901633
0.413934
0.278077
0.873425
0.869707
0.906903
0.202051
0.691187
0.226124
0.527379
0.452395
0.050168
0.496335
0.872206
0.616247
0.627621
0.697730
0.202729
0.454939
0.568007
0.764980
0.484809
0.997308
0.965144
0.374979
0.952500
0.155341
0.602323
0.543020
0.325552
0.870559
0.564523
0.940126
0.464706
0.987068
0.334334
0.765614
0.749436
0.311308
0.254286
0.899423
0.411413
0.649450
0.748446
0.159732
0.907938
0.583043
0.097530
0.195415
0.466993
0.982406
0.472857
0.040813
0.892193
0.029213
0.950616
0.262185
0.401094
0.339453
0.596124
0.618598
0.874714
0.654214
0.767813
0.042290
0.209236
0.064077
0.472493
0.862978
0.548133
0.107329
0.510143
0.450338
0.716445
0.130794
0.843711
0.500925
0.376820
0.911395
0.402676
0.711910
0.340800
0.604368
0.939478
0.496885
0.627197
0.732205
0.300095
0.136017
0.555365
0.650440
0.680457
0.488588
0.320735
0.102650
0.169990
0.721935
0.560427
0.885516
0.076492
0.598138
0.351717
0.248848
0.611935
0.429996
0.624464
0.615316
0.644505
0.908819
0.748269
0.753576
0.614471
0.466968
0.033110
0.965950
0.645712
0.188642
0.536922
0.597629
0.236290
0.633796
0.649732
0.592190
0.908056
0.901569
0.496413
0.481771
0.438551
0.503073
0.483824
0.211103
0.101672
0.068272
0.856500
0.833587
0.604641
0.666491
0.273518
0.702981
0.461652
0.811465
0.919266
0.969616
0.859171
0.725228
0.157639
0.680842
0.611257
0.667621
0.321305
0.152797
0.890829
0.943604
0.098673
0.732127
0.140247
0.445783
0.786171
0.751604
0.630568
0.843591
0.721640
0.076803
0.485485
0.211797
0.221834
0.590489
0.393024
0.811966
0.304574
0.040678
0.299636
0.217484
0.689619
0.968851
0.638157
0.155307
0.719563
0.516688
0.965152
0.535946
0.393220
0.526193
0.071956
0.634601
0.039254
0.570875
0.899976
0.729603
0.810784
0.869849
0.480846
0.127130
0.364676
0.616698
0.957378
0.188819
0.514613
0.081120
0.914738
0.657695
0.452176
0.123682
0.009565
0.466280
0.393457
0.005371
0.243780
0.481734
0.517651
0.194592
0.809874
0.094250
0.853234
0.604794
0.600783
0.369655
0.461657
0.735435
0.106377
0.866370
0.310872
0.706521
0.129865
0.443364
0.136592
0.458721
0.708350
0.063909
0.546107
0.764619
0.975003
0.614071
0.626850
0.557698
0.764421
0.931153
0.355388
0.299199
0.958994
0.003931
0.833006
0.225292
0.381472
0.562397
0.423440
0.517730
0.139191
0.064022
0.188368
0.814758
0.381381
0.569726
0.506429
0.874552
0.711655
0.498275
0.735555
0.197852
0.384893
0.586570
0.341496
0.250191
0.384269
0.223106
0.693746
0.065366
0.495281
0.414216
0.753772
0.719527
0.766868
0.483143
0.738789
0.884133
0.195198
0.843028
0.399651
0.386782
0.688696
0.355599
0.310858
0.598001
0.497326
0.253071
0.638637
0.402529
0.323007
0.082381
0.140679
0.515064
0.384640
0.327587
0.586388
0.792502
0.485679
0.298486
0.319670
0.421667
0.802277
0.492150
0.804572
0.639638
0.141935
0.337855
0.034521
0.146804
0.626568
0.724585
0.621799
0.256233
0.119332
0.944634
0.676746
0.500052
0.359007
0.003543
0.768828
0.122972
0.928637
0.327184
0.164422
0.076257
0.431813
0.950502
0.246977
0.364034
0.455583
0.960499
0.612547
0.770776
0.112021
0.781482
0.165309
0.731245
0.020250
0.166434
0.749164
0.858890
0.915534
0.958780
0.573246
0.055842
0.360261
0.793356
0.628477
0.818510
0.149696
0.850829
0.097955
0.176348
0.395137
0.319528
0.081170
0.894106
0.831804
0.726708
0.055363
0.153099
0.617135
0.446238
0.847610
0.007294
0.598043
0.178109
0.808168
0.258281
0.849016
0.431087
0.634753
0.969709
0.499217
0.109790
0.001592
0.751342
0.198060
0.961062
0.099742
0.627181
0.980042
0.024859
0.621867
0.836082
0.666305
0.449909
0.744946
0.651482
0.246622
0.419126
0.246389
0.442375
0.350793
0.424866
0.716965
0.693344
0.334533
0.983235
0.843419
0.570625
0.739960
0.998791
0.588817
0.632465
0.535210
0.942312
0.707964
0.577168
0.835189
0.451751
0.784045
0.643078
0.312334
0.068474
0.619262
0.112210
0.810587
0.112129
0.004855
0.529616
0.159228
0.745527
0.236679
0.476015
0.862600
0.938433
0.700250
0.295177
0.426730
0.306816
0.876099
0.235770
0.348372
0.406044
0.039933
0.649566
0.200159
0.638235
0.750849
0.517732
0.159599
0.555816
0.033717
0.816422
0.722745
0.539367
0.291744
0.912499
0.699096
0.184245
0.307444
0.446466
0.801327
0.883832
0.430498
0.646302
0.657692
0.425090
0.613806
0.935780
0.351674
0.832660
0.239619
0.781026
0.096155
0.600532
0.470054
0.873737
0.199568
0.683633
0.832861
0.831516
0.062534
0.035019
0.411133
0.672357
0.550752
0.311405
0.834972
0.509918
0.154869
0.069685
0.952536
0.252687
0.421702
0.263335
0.720758
0.111276
0.154959
0.074113
0.096984
0.043559
0.402657
0.820387
0.223463
0.227771
0.948624
0.594984
0.068586
0.791638
0.340069
0.279436
0.175342
0.324460
0.454597
0.578695
0.752453
0.428462
0.300029
0.529771
0.286275
0.088536
0.164606
0.351004
0.532835
0.927234
0.435247
0.269317
0.835596
0.901619
0.957321
0.222689
0.540485
0.070326
0.295091
0.538609
0.536550
0.986961
0.819720
0.726095
0.135549
0.466559
0.560660
0.895522
0.571496
0.938938
0.958169
0.816005
0.349218
0.793980
0.755161
0.724341
0.235446
0.423293
0.782911
0.619848
0.118518
0.981877
0.979183
0.858135
0.972773
0.040444
0.802895
0.019692
0.451382
0.871820
0.181970
0.432510
0.563645
0.335065
0.983927
0.434447
0.507728
0.924563
0.972128
0.684667
0.447937
0.567220
0.051965
0.175039
0.955055
0.429604
0.615101
0.678879
0.254685
0.563367
0.986505
0.880233
0.546287
0.209160
0.820020
0.480183
0.953235
0.646756
0.479583
0.318217
0.496955
0.245371
0.923036
0.385276
0.381732
0.465762
0.589907
0.816160
0.632269
0.782457
0.523677
0.171302
0.500733
0.840074
0.782153
0.242260
0.326705
0.086768
0.126299
0.482328
0.045835
0.702548
0.499769
0.613941
0.192319
0.962901
0.700275
0.336459
0.158209
0.112266
0.614695
0.844076
0.080525
0.170792
0.895407
0.601451
0.320927
0.968888
0.167686
0.631651
0.063908
0.702532
0.141823
0.913442
0.593199
0.052728
0.291473
0.153294
0.749531
0.378928
0.760539
0.129523
0.729745
0.840161
0.209371
0.344018
0.307292
0.682647
0.450811
0.953126
0.854818
0.607401
0.054986
0.792670
0.012111
0.880916
0.265034
0.559842
0.151464
0.141843
0.867452
0.658388
0.455350
0.721266
0.443835
0.855697
0.422721
0.642875
0.398767
0.819946
0.443344
0.231604
0.333676
0.859809
0.404838
0.291734
0.569219
0.553054
0.690902
0.740181
0.941374
0.372605
0.057376
0.462414
0.774928
0.427840
0.355552
0.443485
0.463454
0.286844
0.851402
0.098821
0.017257
0.175922
0.487007
0.240808
0.589487
0.286975
0.711714
0.878714
0.897969
0.627648
0.743108
0.035618
0.983347
0.711181
0.769898
0.432825
0.145797
0.508328
0.913500
0.477177
0.233886
0.302145
0.297621
0.361598
0.795070
0.014141
0.489327
0.449617
0.464577
0.205194
0.143366
0.232812
0.681221
0.507001
0.188544
0.605090
0.162870
0.471136
0.858747
0.967031
0.464653
0.412297
0.510325
0.668149
0.321762
0.418988
0.460925
0.517952
0.723042
0.246269
0.889617
0.851340
0.910704
0.008170
0.404390
0.290286
0.032606
0.891095
0.628756
0.814651
0.007988
0.882116
0.817723
0.917306
0.503190
0.866881
0.456573
0.840697
0.512985
0.269416
0.092611
0.975220
0.881320
0.131838
0.213108
0.241880
0.633861
0.687446
0.573779
0.507806
0.743557
0.448348
0.914126
0.492761
0.445846
0.259807
0.160253
0.347116
0.068547
0.823170
0.630342
0.099933
0.555712
0.776418
0.944265
0.859002
0.811939
0.802823
0.299802
0.182868
0.912748
0.512237
0.071439
0.142917
0.994862
0.884355
0.206514
0.194667
0.353427
0.141684
0.594323
0.095945
0.552044
0.169771
0.851244
0.561794
0.886682
0.226219
0.197327
0.720950
0.537443
0.231436
0.188832
0.423159
0.479797
0.570910
0.377157
0.380489
0.276745
0.131785
0.606089
0.667691
0.463675
0.334792
0.972715
0.794662
0.707938
0.701240
0.076325
0.111632
0.279953
0.577941
0.635125
0.448265
0.824671
0.123439
0.255878
0.936306
0.437132
0.186724
0.966870
0.892163
0.279355
0.197855
0.278129
0.310793
0.077869
0.361473
0.484962
0.845965
0.281839
0.184700
0.568892
0.185852
0.887207
0.978203
0.929274
0.692748
0.051073
0.861589
0.316491
0.258406
0.961471
0.428334
0.778824
0.102951
0.511845
0.452706
0.921679
0.889351
0.191003
0.922680
0.666204
0.849171
0.737711
0.704887
0.388358
0.885674
0.721886
0.263167
0.306639
0.552119
0.626379
0.061674
0.660816
0.974213
0.742903
0.087285
0.303389
0.472628
0.505889
0.430774
0.463198
0.843366
0.498704
0.642366
0.721534
0.536547
0.137049
0.697187
0.917894
0.869039
0.270999
0.489578
0.790606
0.522098
0.525659
0.782212
0.444361
0.526627
0.825466
0.239522
0.995159
0.720634
0.938286
0.712765
0.867789
0.496110
0.782393
0.149899
0.893874
0.953426
0.164990
0.758713
0.966822
0.650913
0.741771
0.360236
0.475631
0.123770
0.894047
0.985929
0.379637
0.298199
0.316303
0.303143
0.476735
0.603957
0.899313
0.175968
0.386351
0.259177
0.612001
0.337260
0.849645
0.206922
0.407093
0.264269
0.691583
0.683086
0.629198
0.910693
0.908824
0.311578
0.633766
0.553000
0.652034
0.899706
0.042626
0.154602
0.711642
0.511552
0.596941
0.418872
0.432821
0.313865
0.004617
0.626312
0.862775
0.502242
0.817297
0.027667
0.836519
0.486027
0.235982
0.207828
0.328438
0.660199
0.569235
0.580882
0.900280
0.455062
0.559540
0.333533
0.210478
0.649689
0.802149
0.957894
0.767994
0.100309
0.399290
0.467328
0.657273
0.913557
0.855676
0.646815
0.460202
0.420549
0.085487
0.458909
0.855008
0.218853
0.522886
0.812181
0.182758
0.417108
0.369747
0.806353
0.254536
0.715853
0.348849
0.476967
0.605434
0.649285
0.165920
0.561683
0.174002
0.729518
0.713350
0.150197
0.763819
0.095300
0.113463
0.816870
0.970235
0.071753
0.063840
0.287740
0.979000
0.534126
0.496286
0.879890
0.477489
0.990332
0.488749
0.603899
0.132110
0.724546
0.214071
0.528676
0.757540
0.225523
0.031580
0.542911
0.882855
0.655994
0.152077
0.363091
0.384006
0.935598
0.613668
0.828849
0.878399
0.008955
0.571800
0.416097
0.447528
0.406633
0.049752
0.666166
0.403241
0.738246
0.329425
0.659507
0.128157
0.518555
0.085423
0.025609
0.025100
0.464740
0.041760
0.843909
0.934293
0.305318
0.683069
0.472855
0.819771
0.604222
0.639822
0.220276
0.943823
0.494609
0.564171
0.239358
0.925745
0.093396
0.779924
0.067191
0.178123
0.544771
0.876941
0.343599
0.044738
0.233993
0.358474
0.710158
0.695948
0.729922
0.023138
0.109649
0.854357
0.774910
0.724166
0.984234
0.558238
0.700234
0.436056
0.672482
0.098611
0.435488
0.909314
0.254936
0.640575
0.196816
0.534293
0.486478
0.398504
0.205867
0.023721
0.914912
0.956815
0.407544
0.552329
0.487181
0.279387
0.376731
0.357058
0.449499
0.767325
0.720219
0.733765
0.416595
0.298400
0.913582
0.075736
0.274614
0.464602
0.882049
0.874502
0.785706
0.031956
0.572463
0.920500
0.031363
0.897638
0.442580
0.050538
0.132231
0.010105
0.287568
0.896312
0.710543
0.857011
0.722847
0.480014
0.552720
0.500712
0.376025
0.758890
0.671657
0.036621
0.896040
0.465846
0.899806
0.133435
0.676446
0.795770
0.411650
0.438176
0.632621
0.892540
0.203998
0.868530
0.057861
0.470962
0.930411
0.986691
0.502265
0.135669
0.672273
0.014528
0.805044
0.423926
0.570334
0.159843
0.291827
0.824927
0.426065
0.281608
0.228172
0.372157
0.457566
0.977055
0.999336
0.453367
0.413809
0.486186
0.424853
0.907051
0.091904
0.331935
0.591024
0.686804
0.471391
0.806490
0.217093
0.146580
0.757325
0.542391
0.798003
0.478375
0.439767
0.491955
0.168168
0.813061
0.031680
0.895541
0.844883
0.890692
0.974075
0.628562
0.951580
0.361290
0.728808
0.411707
0.292403
0.374458
0.798094
0.168650
0.549772
0.918739
0.207974
0.908084
0.032598
0.142950
0.143036
0.702928
0.596441
0.672687
0.096283
0.947568
0.006351
0.259572
0.079490
0.459188
0.870857
0.524744
0.971965
0.654453
0.105830
0.521081
0.638612
0.643254
0.273664
0.382951
0.067114
0.752008
0.032805
0.841562
0.668164
0.124382
0.877960
0.094334
0.107396
0.836513
0.340264
0.966220
0.055462
0.487003
0.309125
0.669086
0.038494
0.940603
0.768141
0.372541
0.130860
0.353997
0.849073
0.961152
0.319988
0.638624
0.357751
0.370438
0.605800
0.654172
0.116731
0.580077
0.477395
0.925898
0.368486
0.877549
0.565384
0.819196
0.890550
0.970023
0.384146
0.331377
0.979259
0.114752
0.870559
0.166836
0.619230
0.408753
0.163723
0.226873
0.226039
0.370434
0.579553
0.251747
0.771398
0.963723
0.308465
0.041779
0.795229
0.488669
0.029636
0.872673
0.645364
0.703518
0.602577
0.014651
0.710473
0.147358
0.029179
0.722049
0.439917
0.624526
0.137798
0.240843
0.791925
0.044277
0.989559
0.238033
0.992136
0.067354
0.884813
0.920237
0.126248
0.479917
0.737191
0.573169
0.483855
0.018168
0.754339
0.575320
0.295307
0.577813
0.379581
0.975051
0.584198
0.733624
0.535011
0.033050
0.700786
0.810838
0.519540
0.896213
0.937693
0.583160
0.701291
0.674891
0.618814
0.091587
0.247850
0.052555
0.103542
0.124598
0.216921
0.105226
0.081968
0.272614
0.007587
0.046788
0.946787
0.399552
0.892033
0.309142
0.348818
0.263366
0.721057
0.602211
0.331978
0.967977
0.048737
0.200637
0.032827
0.350099
0.618587
0.015540
0.993240
0.909495
0.671760
0.698578
0.740761
0.247915
0.985966
0.017131
0.949279
0.107492
0.928248
0.636653
0.808096
0.017392
0.473818
0.957008
0.701051
0.152076
0.118018
0.983283
0.289554
0.941041
0.717566
0.241442
0.744339
0.321009
0.814148
0.650017
0.316470
0.337876
0.248004
0.488809
0.828246
0.410503
0.061421
0.261049
0.374409
0.155671
0.113807
0.717863
0.406386
0.587991
0.131766
0.539875
0.435329
0.355590
0.893458
0.698961
0.422485
0.371675
0.590282
0.557019
0.977413
0.824146
0.947942
0.864728
0.106056
0.491960
0.012199
0.761693
0.661864
0.477757
0.576923
0.011948
0.501208
0.850271
0.565971
0.273349
0.860258
0.261131
0.470085
0.459460
0.816529
0.192899
0.002649
0.676490
0.032134
0.537522
0.094814
0.897584
0.724189
0.505187
0.451077
0.913513
0.326054
0.647853
0.169787
0.673011
0.617243
0.261933
0.442667
0.678827
0.879923
0.600572
0.966525
0.261171
0.417918
0.727955
0.919329
0.059912
0.161718
0.979192
0.246800
0.414933
0.376644
0.902284
0.431453
0.767009
0.023006
0.963231
0.642438
0.648313
0.172031
0.272190
0.317409
0.109217
0.056266
0.069440
0.670838
0.463802
0.903217
0.418813
0.755790
0.586925
0.393973
0.336792
0.130921
0.548589
0.843172
0.504914
0.424220
0.948198
0.115280
0.350969
0.970629
0.683960
0.644391
0.048351
0.596190
0.378805
0.133674
0.807335
0.552407
0.785054
0.004559
0.541325
0.171270
0.979927
0.312388
0.856123
0.554942
0.312936
0.692106
0.604759
0.734673
0.002599
0.518111
0.938366
0.202557
0.003414
0.676535
0.020994
0.212718
0.013094
0.868987
0.698568
0.705587
0.414453
0.159572
0.339999
0.401881
0.441125
0.934933
0.425387
0.552258
0.180707
0.615219
0.449762
0.783859
0.722300
0.767049
0.555748
0.836702
0.516489
0.601126
0.873239
0.427351
0.309522
0.416941
0.010415
0.354043
0.756202
0.524951
0.829932
0.284734
0.938583
0.078205
0.226614
0.803126
0.732618
0.707834
0.683236
0.347583
0.955993
0.007147
0.800116
0.675059
0.958084
0.788753
0.139377
0.898992
0.243314
0.234365
0.854571
0.164037
0.189582
0.886353
0.497968
0.386411
0.424202
0.620544
0.697172
0.890549
0.341777
0.567982
0.081829
0.530881
0.655874
0.185928
0.970396
0.592373
0.730753
0.413067
0.213075
0.135346
0.940275
0.949086
0.512149
0.982353
0.205942
0.780217
0.359377
0.326562
0.180575
0.694344
0.292108
0.695986
0.563038
0.664722
0.806765
0.877462
0.855303
0.722368
0.869296
0.084196
0.643587
0.743760
0.868054
0.305065
0.675764
0.494470
0.946850
0.278827
0.386910
0.332583
0.945057
0.593227
0.732293
0.807211
0.949643
0.338349
0.033433
0.599871
0.087244
0.674799
0.265737
0.469794
0.452055
0.277611
0.039266
0.506577
0.585090
0.435740
0.645619
0.436517
0.157737
0.431024
0.416091
0.250341
0.367455
0.062917
0.940394
0.264123
0.294654
0.902838
0.567645
0.154251
0.955512
0.368036
0.810803
0.092293
0.227311
0.402629
0.239313
0.786498
0.099651
0.962798
0.067728
0.539346
0.100370
0.134423
0.662685
0.963984
0.662609
0.246965
0.337404
0.944385
0.269764
0.177193
0.369468
0.662992
0.236139
0.581549
0.867443
0.375774
0.978988
0.087029
0.365722
0.828959
0.958138
0.334915
0.389125
0.618680
0.916419
0.850707
0.146224
0.569000
0.941059
0.275837
0.256898
0.060560
0.791567
0.443503
0.286488
0.439293
0.113082
0.320414
0.409101
0.283453
0.122024
0.208471
0.822418
0.903084
0.574517
0.809263
0.991988
0.876480
0.668006
0.394299
0.096045
0.903499
0.615396
0.420738
0.664816
0.423678
0.374118
0.319098
0.420398
0.406337
0.345336
0.277781
0.640870
0.922261
0.524089
0.724873
0.727465
0.894688
0.100430
0.386855
0.515931
0.981395
0.033272
0.063691
0.610718
0.023041
0.929580
0.596407
0.188856
0.981917
0.975704
0.360863
0.652339
0.879371
0.146427
0.081281
0.087243
0.096840
0.088815
0.133238
0.738322
0.405750
0.579294
0.387437
0.088632
0.450684
0.509361
0.443157
0.545618
0.304963
0.648114
0.826801
0.544546
0.702280
0.431957
0.684866
0.589035
0.549483
0.800921
0.385843
0.044342
0.726237
0.130442
0.523665
0.122650
0.583006
0.193650
0.963491
0.255120
0.295807
0.094314
0.740070
0.345030
0.747220
0.309346
0.803981
0.754836
0.704045
0.740266
0.377343
0.058232
0.663989
0.810443
0.748036
0.668797
0.440803
0.740437
0.485084
0.717643
0.527777
0.005305
0.994515
0.149939
0.846059
0.057220
0.775782
0.707801
0.495347
0.391406
0.149413
0.899008
0.622551
0.175258
0.671188
0.655208
0.808566
0.726647
0.971664
0.436194
0.643789
0.493599
0.429924
0.038997
0.982356
0.134326
0.896832
0.019418
0.996734
0.996044
0.154062
0.609054
0.922925
0.087395
0.027737
0.707454
0.917815
0.745701
0.308171
0.353431
0.672919
0.255560
0.292255
0.163916
0.334177
0.980239
0.264326
0.148125
0.055843
0.660316
0.287314
0.858878
0.532068
0.925114
0.576999
0.252790
0.195810
0.769850
0.357415
0.354307
0.296145
0.099021
0.914477
0.007499
0.647137
0.650025
0.027460
0.914602
0.676123
0.537687
0.754449
0.414162
0.802280
0.997632
0.100479
0.927372
0.533050
0.871924
0.678623
0.582877
0.123052
0.147185
0.290691
0.783753
0.748598
0.062774
0.375690
0.264206
0.528602
0.230053
0.471098
0.554396
0.854645
0.578339
0.866070
0.084992
0.296521
0.260790
0.657177
0.580675
0.771334
0.248040
0.365516
0.935496
0.980531
0.033044
0.099994
0.914437
0.758650
0.090171
0.535574
0.765657
0.938154
0.306513
0.991389
0.250149
0.455298
0.421374
0.631215
0.834533
0.959253
0.559636
0.011614
0.133324
0.226174
0.883208
0.545313
0.125838
0.974593
0.720790
0.788066
0.507177
0.086748
0.161034
0.602704
0.688578
0.720521
0.102753
0.954799
0.979046
0.709249
0.138411
0.566206
0.440709
0.360902
0.907581
0.848346
0.626323
0.773908
0.851033
0.175449
0.006528
0.772008
0.953915
0.610285
0.143787
0.943393
0.954659
0.352762
0.377841
0.839941
0.996714
0.904808
0.840472
0.641354
0.143222
0.351612
0.090468
0.304080
0.580940
0.178649
0.287819
0.367409
0.287510
0.622221
0.216475
0.789850
0.069491
0.004611
0.042959
0.148407
0.825488
0.668130
0.359639
0.608689
0.314459
0.457271
0.837127
0.356931
0.718978
0.020663
0.259699
0.154582
0.545683
0.325987
0.359913
0.081098
0.846775
0.206815
0.460683
0.224008
0.384299
0.828183
0.008721
0.462320
0.956369
0.158226
0.506479
0.268133
0.723920
0.261245
0.315791
0.785796
0.285092
0.482893
0.989150
0.847845
0.811857
0.940371
0.252875
0.037376
0.583350
0.350289
0.744460
0.964280
0.419144
0.184764
0.865567
0.698170
0.696282
0.060872
0.085582
0.073943
0.419516
0.300957
0.977818
0.942040
0.130660
0.268780
0.399133
0.844105
0.024545
0.022354
0.190491
0.503357
0.624035
0.460594
0.517746
0.939931
0.726798
0.834249
0.781534
0.802202
0.720720
0.771556
0.262863
0.648109
0.506509
0.619613
0.402136
0.033011
0.748492
0.385339
0.564176
0.588188
0.198463
0.858588
0.724119
0.278816
0.701921
0.172612
0.676400
0.210267
0.761195
0.922196
0.508858
0.229311
0.304195
0.019330
0.146956
0.188285
0.633813
0.962876
0.599999
0.231383
0.748757
0.487986
0.191322
0.245005
0.398514
0.298155
0.917806
0.066965
0.626239
0.876495
0.221768
0.405967
0.719049
0.543668
0.404519
0.605553
0.017841
0.197714
0.024553
0.594214
0.434219
0.397969
0.073076
0.509358
0.899110
0.340410
0.651584
0.827006
0.754939
0.738883
0.215043
0.094284
0.951371
0.462714
0.868333
0.037971
0.192821
0.272334
0.612455
0.289868
0.452263
0.543768
0.720620
0.787897
0.050362
0.607330
0.935073
0.487430
0.002920
0.972491
0.648151
0.350773
0.790537
0.946855
0.199772
0.540563
0.106409
0.875457
0.046419
0.527897
0.723917
0.119376
0.254912
0.374903
0.803781
0.533791
0.690679
0.807950
0.807436
0.348557
0.815169
0.783803
0.092461
0.510096
0.581438
0.510923
0.509319
0.706118
0.442647
0.870790
0.317523
0.292197
0.469317
0.693486
0.395892
0.875695
0.712763
0.309231
0.296019
0.025042
0.624007
0.754672
0.496299
0.704015
0.830570
0.476294
0.095222
0.931245
0.041915
0.754877
0.372328
0.033685
0.052473
0.165158
0.152748
0.446604
0.447219
0.947697
0.139840
0.881808
0.605778
0.866628
0.090262
0.093944
0.452040
0.207131
0.909829
0.873758
0.242295
0.602557
0.167935
0.866323
0.758308
0.513401
0.974087
0.851246
0.860383
0.330125
0.170562
0.508786
0.729284
0.980182
0.133458
0.940061
0.450345
0.973988
0.284977
0.319261
0.561671
0.891359
0.010853
0.946472
0.211369
0.592500
0.416806
0.179653
0.202230
0.021886
0.745151
0.199667
0.175971
0.768054
0.265723
0.694857
0.216664
0.242253
0.757518
0.982980
0.717704
0.817766
0.218214
0.485523
0.993921
0.667024
0.945973
0.523941
0.235315
0.262701
0.295563
0.301261
0.677472
0.438942
0.958940
0.006285
0.218251
0.529347
0.162853
0.542049
0.150462
0.443262
0.206667
0.347682
0.466943
0.581734
0.370091
0.595533
0.423756
0.121351
0.930499
0.522089
0.937987
0.224478
0.465558
0.261513
0.122362
0.482512
0.107154
0.568913
0.520062
0.554057
0.590604
0.627063
0.353036
0.161155
0.082833
0.266738
0.992004
0.700315
0.246447
0.509384
0.641536
0.015191
0.445031
0.431237
0.813050
0.101066
0.744414
0.653445
0.046318
0.724685
0.985455
0.971019
0.945075
0.423388
0.412262
0.199960
0.356916
0.245517
0.343180
0.304824
0.905962
0.467337
0.327954
0.622846
0.290178
0.724279
0.175730
0.870977
0.852395
0.418298
0.560307
0.258448
0.424260
0.369196
0.385625
0.723370
0.104493
0.667879
0.070235
0.427794
0.729083
0.280850
0.184279
0.487881
0.463571
0.324776
0.423939
0.600703
0.223944
0.985763
0.425470
0.463035
0.475165
0.173986
0.770627
0.163436
0.081375
0.559999
0.490867
0.579698
0.442249
0.454025
0.162972
0.917595
0.147735
0.174800
0.736251
0.733527
0.081767
0.954320
0.432961
0.902780
0.313579
0.158376
0.214136
0.237799
0.876505
0.982217
0.976466
0.239973
0.196219
0.994201
0.086070
0.294500
0.884535
0.683495
0.124702
0.271555
0.335418
0.084240
0.728569
0.861450
0.145959
0.896936
0.050786
0.069116
0.474743
0.230437
0.662893
0.865933
0.724663
0.300276
0.941646
0.968046
0.959398
0.415782
0.710413
0.930558
0.110920
0.133095
0.129101
0.891166
0.800768
0.160361
0.779575
0.324381
0.654947
0.359965
0.922550
0.199666
0.301747
0.347209
0.384987
0.205645
0.536997
0.098356
0.193039
0.517081
0.100506
0.428791
0.760773
0.229399
0.172662
0.038164
0.298452
0.571395
0.778022
0.562227
0.111321
0.981481
0.144585
0.312852
0.134358
0.607734
0.037354
0.389707
0.014801
0.463154
0.408667
0.190909
0.901239
0.830281
0.535225
0.038597
0.899648
0.984376
0.622807
0.780549
0.995633
0.669076
0.585281
0.251121
0.551591
0.552769
0.725976
0.123415
0.828056
0.888928
0.216042
0.589517
0.274064
0.163534
0.223856
0.667527
0.310628
0.280416
0.566375
0.509486
0.019911
0.800118
0.721800
0.486374
0.435029
0.283482
0.601206
0.501272
0.976352
0.725691
0.637185
0.467651
0.627083
0.574557
0.456429
0.475216
0.922410
0.878313
0.868541
0.624507
0.468862
0.863960
0.123799
0.689366
0.857207
0.234005
0.060998
0.842360
0.417604
0.347771
0.676157
0.191817
0.136707
0.648654
0.616510
0.476658
0.707414
0.017298
0.172750
0.943888
0.410834
0.844731
0.710891
0.613292
0.939104
0.782099
0.563167
0.101855
0.790546
0.191286
0.349045
0.365305
0.081434
0.650328
0.988964
0.632078
0.326680
0.776321
0.936722
0.985066
0.914867
0.972884
0.816954
0.992899
0.657125
0.724107
0.156177
0.587946
0.208099
0.533178
0.794581
0.367344
0.633497
0.884354
0.778350
0.344895
0.842476
0.863445
0.444258
0.615382
0.332070
0.967387
0.423421
0.124442
0.610546
0.423686
0.914651
0.919549
0.602856
0.825201
0.208360
0.400144
0.582359
0.699064
0.199830
0.050061
0.266915
0.410283
0.839926
0.110571
0.972753
0.755805
0.423039
0.684253
0.738277
0.590441
0.923994
0.598543
0.380460
0.838075
0.739788
0.062132
0.175561
0.419495
0.967074
0.092083
0.903746
0.469156
0.051136
0.487093
0.708106
0.536983
0.531046
0.273925
0.683257
0.875376
0.478868
0.736617
0.992728
0.963797
0.121900
0.059001
0.334476
0.060659
0.150603
0.723672
0.185696
0.457387
0.015992
0.968389
0.531058
0.427315
0.701835
0.419642
0.946247
0.200128
0.380098
0.554999
0.800079
0.505932
0.077513
0.735873
0.100602
0.838230
0.319311
0.919265
0.482436
0.237839
0.616896
0.608924
0.669209
0.669191
0.746334
0.981469
0.888577
0.007802
0.452892
0.950077
0.200197
0.837111
0.365752
0.456246
0.271188
0.769978
0.921802
0.631174
0.587442
0.176061
0.663509
0.006733
0.355903
0.998837
0.857437
0.142754
0.602419
0.206819
0.174208
0.156227
0.887159
0.991365
0.047547
0.947369
0.752666
0.039245
0.194528
0.358755
0.628139
0.297261
0.623380
0.405776
0.454204
0.879766
0.119369
0.096434
0.914131
0.903379
0.710511
0.452095
0.990322
0.391775
0.266670
0.552976
0.804133
0.176259
0.859241
0.206693
0.914167
0.096908
0.994581
0.565848
0.003224
0.732367
0.826734
0.432261
0.686527
0.564760
0.486490
0.542102
0.945346
0.840821
0.961179
0.548032
0.931209
0.430300
0.741953
0.837689
0.633997
0.523087
0.612605
0.523700
0.537823
0.450841
0.839647
0.127528
0.500610
0.367350
0.942869
0.232338
0.112321
0.440749
0.326151
0.315114
0.641254
0.364560
0.702244
0.853277
0.666849
0.320931
0.973341
0.110835
0.597167
0.297442
0.798482
0.911701
0.106044
0.702956
0.851456
0.258865
0.975884
0.945269
0.702472
0.478674
0.766694
0.616606
0.873782
0.653848
0.571227
0.467090
0.429391
0.555723
0.589771
0.216905
0.780622
0.870974
0.317124
0.483172
0.045054
0.842905
0.234781
0.530075
0.864492
0.965472
0.997566
0.071586
0.261843
0.735969
0.742486
0.654256
0.383204
0.741679
0.702788
0.182324
0.312084
0.193025
0.919563
0.798904
0.457276
0.498993
0.313604
0.413736
0.811878
0.023283
0.765081
0.495993
0.035850
0.455109
0.019587
0.305173
0.946554
0.167780
0.792783
0.997762
0.935442
0.325068
0.380792
0.643718
0.819212
0.655962
0.103813
0.781963
0.561900
0.827789
0.492380
0.074121
0.092856
0.999841
0.102331
0.260114
0.834476
0.853141
0.732231
0.474482
0.884455
0.500157
0.394861
0.529862
0.224095
0.143212
0.822770
0.778391
0.585147
0.949871
0.308737
0.469875
0.311414
0.749494
0.385215
0.428198
0.555967
0.312909
0.820090
0.360755
0.763005
0.690977
0.444210
0.407574
0.821694
0.907710
0.722495
0.401321
0.501001
0.909760
0.996810
0.295386
0.861052
0.220589
0.076004
0.354770
0.856139
0.949300
0.026107
0.910933
0.080793
0.170248
0.710520
0.955802
0.734996
0.948900
0.665140
0.707751
0.451278
0.052815
0.111167
0.050728
0.477596
0.036265
0.705558
0.942924
0.417173
0.752875
0.579921
0.792042
0.979605
0.669824
0.971497
0.758248
0.566979
0.541677
0.502445
0.943508
0.802108
0.300996
0.836271
0.911353
0.950336
0.831096
0.025281
0.102855
0.558046
0.981704
0.076424
0.868248
0.097048
0.092569
0.580682
0.156277
0.060604
0.771273
0.264497
0.837735
0.001573
0.023304
0.197799
0.613142
0.915174
0.454929
0.481141
0.472452
0.269244
0.244521
0.345672
0.627923
0.877724
0.279986
0.591233
0.701988
0.802963
0.621900
0.141494
0.233828
0.580427
0.763787
0.054953
0.409860
0.171744
0.130198
0.415625
0.788189
0.449251
0.391186
0.559825
0.974476
0.073435
0.776111
0.353982
0.202584
0.349562
0.821757
0.293769
0.659853
0.740885
0.829960
0.983631
0.629181
0.112432
0.461347
0.641589
0.501963
0.340457
0.733562
0.668515
0.677111
0.345904
0.682077
0.275241
0.832247
0.873015
0.793133
0.036408
0.884505
0.631135
0.330260
0.846341
0.989749
0.833412
0.288682
0.894561
0.484162
0.665289
0.949417
0.371710
0.429165
0.679013
0.121407
0.237814
0.102476
0.201334
0.700912
0.332359
0.657520
0.697625
0.648247
0.989304
0.201534
0.248737
0.843137
0.466377
0.305718
0.465589
0.244560
0.128074
0.895835
0.123530
0.444150
0.760948
0.099384
0.082458
0.667871
0.371259
0.839378
0.721353
0.088635
0.520978
0.874605
0.370424
0.661278
0.123721
0.160850
0.185445
0.199008
0.566024
0.657157
0.832902
0.344741
0.377596
0.422231
0.731792
0.079583
0.911967
0.081481
0.487168
0.608842
0.503687
0.604111
0.525175
0.867264
0.979408
0.891312
0.871692
0.932700
0.437213
0.031277
0.358381
0.892012
0.143160
0.374809
0.187255
0.916563
0.867363
0.213546
0.064504
0.085493
0.540284
0.144207
0.295988
0.454168
0.573542
0.219421
0.610635
0.917533
0.165274
0.420354
0.630575
0.670143
0.914116
0.701068
0.164624
0.616462
0.130079
0.106979
0.574694
0.600189
0.395937
0.438494
0.026685
0.216726
0.144378
0.836603
0.235355
0.518268
0.989804
0.465290
0.734713
0.586558
0.788788
0.887205
0.877981
0.418704
0.783533
0.642499
0.751020
0.162386
0.404628
0.810501
0.303086
0.513588
0.184659
0.969782
0.732809
0.680455
0.857862
0.113929
0.176473
0.914270
0.895525
0.158018
0.305934
0.465981
0.641950
0.476195
0.263384
0.042653
0.172806
0.259668
0.267308
0.278753
0.911080
0.355052
0.220000
0.264240
0.192547
0.813142
0.273185
0.999991
0.668234
0.031689
0.407845
0.296508
0.396067
0.853307
0.331473
0.045920
0.624108
0.856929
0.545354
0.948860
0.439575
0.554574
0.489618
0.113989
0.372500
0.064697
0.106740
0.348142
0.000711
0.701015
0.896057
0.036295
0.891582
0.741824
0.840548
0.856485
0.605430
0.729112
0.489030
0.277702
0.875823
0.796672
0.420079
0.209174
0.795988
0.254844
0.542443
0.786446
0.893195
0.951705
0.361346
0.968611
0.213210
0.362903
0.336615
0.861521
0.149773
0.636307
0.030042
0.668064
0.807116
0.620689
0.690203
0.569100
0.131673
0.036491
0.496760
0.611887
0.331043
0.547906
0.421540
0.301866
0.513471
0.952357
0.362542
0.416997
0.104948
0.316780
0.646595
0.413947
0.532404
0.132999
0.419382
0.370183
0.998873
0.907802
0.654600
0.683706
0.138264
0.981110
0.863455
0.644635
0.005464
0.758151
0.709717
0.702335
0.796759
0.305732
0.302554
0.137383
0.147242
0.164363
0.208367
0.388420
0.542878
0.194610
0.037959
0.446063
0.382747
0.250327
0.442548
0.903705
0.892613
0.922521
0.070880
0.898261
0.464714
0.189282
0.720687
0.068181
0.560050
0.437279
0.323276
0.920772
0.248301
0.533087
0.179603
0.102073
0.834123
0.562252
0.748851
0.550974
0.687790
0.966378
0.622610
0.534621
0.537065
0.741593
0.791297
0.217808
0.552925
0.961439
0.168641
0.164901
0.896982
0.376410
0.693768
0.606510
0.775874
0.602041
0.448356
0.872397
0.141508
0.645902
0.269081
0.881678
0.483759
0.734950
0.867489
0.295628
0.116076
0.738383
0.771416
0.769282
0.574212
0.049640
0.906581
0.295933
0.116109
0.298732
0.226927
0.818730
0.301382
0.004269
0.430577
0.332245
0.810928
0.708362
0.625394
0.728396
0.743888
0.989046
0.861073
0.516351
0.917400
0.776646
0.585055
0.957603
0.434157
0.069187
0.350367
0.760469
0.411464
0.683176
0.314701
0.060035
0.569883
0.257851
0.551051
0.083674
0.333198
0.965425
0.333936
0.806487
0.833671
0.106063
0.227203
0.000890
0.896712
0.242672
0.325547
0.153751
0.551278
0.381900
0.448031
0.567194
0.848942
0.523730
0.904492
0.133352
0.686020
0.687041
0.999123
0.967724
0.826073
0.310936
0.615411
0.772678
0.351012
0.579625
0.955836
0.726330
0.293396
0.892031
0.863921
0.215039
0.845272
0.498611
0.954866
0.264618
0.930031
0.958077
0.276615
0.228761
0.015868
0.383764
0.602440
0.854761
0.443538
0.737724
0.869428
0.463556
0.107610
0.635831
0.413349
0.780750
0.370904
0.758570
0.230422
0.252348
0.676427
0.259361
0.249898
0.827692
0.740715
0.937944
0.117268
0.615866
0.474206
0.908791
0.648084
0.156470
0.761396
0.949423
0.145211
0.516465
0.231318
0.224209
0.310381
0.481228
0.709401
0.376049
0.672670
0.866163
0.408790
0.594078
0.124778
0.624684
0.233375
0.251396
0.404795
0.918929
0.320844
0.138792
0.998367
0.465098
0.018129
0.086279
0.104704
0.889024
0.667991
0.691314
0.927685
0.374486
0.669447
0.730502
0.671901
0.166561
0.822724
0.245210
0.129172
0.534184
0.911431
0.918054
0.416451
0.660497
0.084412
0.507619
0.003091
0.775724
0.890065
0.249849
0.188369
0.838874
0.182328
0.011325
0.155004
0.035109
0.293183
0.939035
0.110150
0.087316
0.434661
0.926350
0.669387
0.729242
0.420518
0.839908
0.576844
0.748330
0.507331
0.755909
0.528509
0.151942
0.795703
0.347014
0.304805
0.444437
0.345975
0.227417
0.659298
0.994659
0.556870
0.369550
0.591491
0.416655
0.012885
0.718399
0.854846
0.897040
0.622021
0.960803
0.834341
0.314118
0.110721
0.423708
0.447709
0.436051
0.636029
0.547020
0.279578
0.837161
0.702253
0.768799
0.420880
0.304476
0.896958
0.866229
0.361592
0.916582
0.630181
0.992325
0.802374
0.182277
0.469213
0.911286
0.855696
0.253438
0.733027
0.717862
0.855702
0.862207
0.939185
0.399107
0.491395
0.017629
0.097761
0.844692
0.784298
0.608144
0.575237
0.091161
0.811906
0.886288
0.981474
0.538590
0.667569
0.697583
0.663549
0.002380
0.544794
0.380495
0.738586
0.325773
0.937702
0.621117
0.257586
0.820897
0.043829
0.232480
0.237056
0.980373
0.271834
0.707871
0.241719
0.153485
0.194126
0.635784
0.419980
0.583088
0.512927
0.995016
0.507943
0.074690
0.557131
0.174322
0.749703
0.994203
0.695686
0.928369
0.607635
0.571870
0.245953
0.061541
0.547010
0.857518
0.455942
0.778072
0.870505
0.534217
0.722656
0.639942
0.421960
0.260250
0.303200
0.976014
0.827413
0.411082
0.780358
0.770319
0.318433
0.362512
0.523301
0.446942
0.797064
0.093590
0.533035
0.686750
0.439368
0.980576
0.032721
0.797640
0.673538
0.242127
0.204643
0.749425
0.882221
0.371627
0.056602
0.871686
0.455025
0.929983
0.072611
0.566758
0.720099
0.191843
0.376959
0.095383
0.250450
0.803369
0.514399
0.252261
0.552337
0.317051
0.912366
0.403718
0.051159
0.755256
0.212513
0.621786
0.724122
0.545616
0.527178
0.547020
0.644835
0.044513
0.727571
0.404952
0.312888
0.723129
0.753851
0.680265
0.138282
0.942034
0.425575
0.337952
0.928753
0.770400
0.587613
0.433002
0.486189
0.152554
0.191910
0.294754
0.529425
0.901071
0.592039
0.108515
0.676214
0.404309
0.573389
0.809529
0.706168
0.416988
0.924901
0.448839
0.869798
0.787892
0.954072
0.581179
0.269941
0.036475
0.673192
0.624866
0.479280
0.597528
0.502633
0.809063
0.257008
0.533389
0.418037
0.923300
0.403512
0.171111
0.296094
0.520376
0.753859
0.666872
0.417491
0.094467
0.582603
0.771542
0.559049
0.355002
0.801458
0.803705
0.119234
0.947222
0.650158
0.257770
0.783384
0.815912
0.547922
0.411439
0.393079
0.377434
0.819083
0.657830
0.845736
0.528436
0.903270
0.719060
0.779873
0.444703
0.076811
0.938728
0.645717
0.195657
0.047238
0.626473
0.028037
0.793921
0.343530
0.649547
0.885977
0.978534
0.522567
0.657398
0.335454
0.885608
0.737300
0.426172
0.324376
0.527540
0.195842
0.755679
0.985213
0.399190
0.393805
0.711926
0.755037
0.117188
0.427506
0.135543
0.830388
0.317093
0.425034
0.936605
0.064500
0.162697
0.004072
0.604995
0.329206
0.361761
0.691063
0.214463
0.004233
0.327133
0.743334
0.960023
0.160377
0.194961
0.673439
0.491967
0.261598
0.758113
0.969728
0.577323
0.502620
0.045875
0.944881
0.645187
0.642269
0.814033
0.559459
0.856463
0.826431
0.702034
0.767724
0.498652
0.744738
0.342106
0.745659
0.384799
0.758351
0.992040
0.107607
0.995109
0.642816
0.364744
0.530346
0.925271
0.855197
0.872054
0.954451
0.148591
0.864693
0.687108
0.836960
0.638208
0.049836
0.918764
0.549140
0.484000
0.569096
0.800419
0.999118
0.620763
0.902190
0.836468
0.862217
0.135975
0.881691
0.647821
0.655289
0.856091
0.205917
0.504242
0.760042
0.302522
0.977906
0.224667
0.108624
0.292650
0.507588
0.363915
0.811834
0.297075
0.693718
0.309127
0.072422
0.817266
0.386032
0.928812
0.571808
0.180379
0.056689
0.300762
0.075178
0.703270
0.905472
0.543117
0.573803
0.101393
0.372826
0.523391
0.187172
0.942643
0.207118
0.582991
0.141698
0.960127
0.417445
0.918506
0.291907
0.081954
0.526389
0.702134
0.513192
0.482127
0.730362
0.420401
0.988839
0.441477
0.427485
0.828782
0.408723
0.358560
0.335993
0.007286
0.496664
0.022822
0.330118
0.271757
0.872517
0.276050
0.191754
0.298868
0.212960
0.834362
0.976550
0.081662
0.207616
0.046976
0.187116
0.999674
0.437968
0.651394
0.697853
0.823783
0.943212
0.159335
0.631160
0.591791
0.202051
0.121882
0.966591
0.689531
0.022898
0.549071
0.026430
0.383040
0.140797
0.587293
0.838472
0.488801
0.175608
0.684177
0.641972
0.694250
0.730738
0.833267
0.328880
0.630729
0.137198
0.074631
0.062829
0.892106
0.147079
0.316868
0.981194
0.063304
0.370924
0.600913
0.141392
0.260702
0.513178
0.864689
0.508198
0.275323
0.093851
0.198553
0.878579
0.270460
0.175636
0.681644
0.991584
0.408499
0.864731
0.090999
0.426091
0.328448
0.935767
0.027548
0.822570
0.254260
0.152668
0.771158
0.377110
0.607954
0.098942
0.230361
0.060106
0.997465
0.883979
0.527879
0.377314
0.440003
0.095461
0.044104
0.923129
0.605010
0.175219
0.603823
0.340410
0.103192
0.399302
0.965728
0.804764
0.364125
0.547978
0.796355
0.538136
0.140172
0.688038
0.802305
0.437575
0.601935
0.460829
0.687332
0.511406
0.959040
0.902479
0.578182
0.048604
0.641387
0.049503
0.565239
0.458421
0.592145
0.763443
0.392713
0.894437
0.687371
0.110968
0.399599
0.456362
0.538481
0.621136
0.790316
0.929051
0.122234
0.213478
0.906159
0.236775
0.539953
0.999946
0.186517
0.321712
0.397878
0.785631
0.235100
0.471452
0.323806
0.865008
0.588724
0.845157
0.634758
0.901758
0.006828
0.068471
0.396163
0.817696
0.970793
0.575879
0.028326
0.146884
0.250094
0.474380
0.564781
0.611635
0.377894
0.880049
0.315668
0.364637
0.390832
0.547714
0.713260
0.309898
0.057772
0.090789
0.891942
0.045956
0.388695
0.269144
0.846852
0.268963
0.450525
0.113535
0.485398
0.044156
0.548846
0.769678
0.212805
0.933056
0.889267
0.743401
0.085801
0.578218
0.579832
0.515146
0.740640
0.345181
0.231899
0.421280
0.992646
0.436632
0.997306
0.170690
0.368559
0.820352
0.553648
0.754174
0.952717
0.823471
0.962303
0.813891
0.494290
0.340407
0.862328
0.530698
0.950311
0.122975
0.835595
0.750798
0.639919
0.187439
0.429750
0.167652
0.435485
0.269112
0.700058
0.302445
0.179219
0.312120
0.461646
0.717967
0.230014
0.376916
0.491576
0.718354
0.568869
0.137116
0.595071
0.850393
0.759029
0.416507
0.096641
0.020428
0.645156
0.079294
0.293461
0.944945
0.173577
0.566892
0.734863
0.368638
0.941274
0.757557
0.211011
0.590548
0.440032
0.476322
0.691225
0.872358
0.114251
0.608548
0.677773
0.619436
0.313268
0.882208
0.892137
0.262814
0.065358
0.503142
0.510105
0.866615
0.092630
0.667752
0.365758
0.676311
0.608233
0.264353
0.315316
0.706576
0.162792
0.041805
0.872361
0.388133
0.842785
0.155882
0.107489
0.564753
0.128870
0.650880
0.631795
0.656704
0.653035
0.056746
0.491898
0.396980
0.124516
0.470291
0.717931
0.351279
0.246805
0.399922
0.368261
0.368214
0.288640
0.379024
0.441799
0.471039
0.358394
0.801394
0.767148
0.194565
0.302343
0.327516
0.695386
0.667093
0.791558
0.484836
0.680665
0.241403
0.558009
0.869868
0.268240
0.237709
0.707499
0.504661
0.588179
0.582579
0.645824
0.097673
0.369000
0.393160
0.731616
0.742587
0.702795
0.862267
0.863078
0.738413
0.969929
0.523426
0.351905
0.532176
0.243053
0.588271
0.246381
0.291072
0.239741
0.041084
0.203928
0.136703
0.892428
0.125494
0.284736
0.802131
0.503886
0.992740
0.296759
0.577116
0.541668
0.904463
0.322959
0.455362
0.641050
0.520024
0.813265
0.761497
0.013868
0.608790
0.995784
0.200116
0.249211
0.625395
0.637156
0.358653
0.747703
0.779967
0.910463
0.640002
0.392319
0.218576
0.533858
0.550353
0.229038
0.247763
0.076508
0.060240
0.124584
0.377447
0.232848
0.419807
0.760907
0.163201
0.063284
0.837229
0.688309
0.027267
0.105252
0.865785
0.483255
0.533513
0.479209
0.179053
0.615710
0.727238
0.062602
0.997048
0.042440
0.808464
0.257897
0.482787
0.748700
0.899227
0.506594
0.823762
0.641267
0.547060
0.496795
0.950967
0.249677
0.309248
0.724672
0.847719
0.490256
0.967103
0.457146
0.102957
0.225151
0.560838
0.097783
0.584853
0.180191
0.810507
0.576929
0.382359
0.463230
0.847431
0.563164
0.374566
0.166841
0.670759
0.704040
0.884841
0.651157
0.336535
0.131587
0.061275
0.765242
0.820645
0.677116
0.535875
0.903772
0.080146
0.194395
0.090680
0.225717
0.271128
0.694372
0.124327
0.735124
0.985980
0.219870
0.304918
0.809292
0.538637
0.624576
0.303292
0.613272
0.564607
0.373967
0.233031
0.117775
0.147393
0.089412
0.784602
0.542123
0.302710
0.824019
0.077075
0.202676
0.803720
0.644168
0.159771
0.540126
0.158770
0.993517
0.172229
0.610261
0.906257
0.323952
0.917758
0.308570
0.405047
0.701300
0.552018
0.174438
0.358685
0.197607
0.247476
0.398493
0.557662
0.926503
0.730371
0.462220
0.239142
0.980545
0.264191
0.722526
0.525551
0.689166
0.226904
0.194799
0.958168
0.654234
0.991516
0.745127
0.975828
0.794632
0.505010
0.502424
0.975615
0.217369
0.621378
0.233264
0.419552
0.904526
0.950909
0.797058
0.312909
0.236949
0.446818
0.944878
0.132115
0.094162
0.914664
0.105350
0.048470
0.357524
0.727096
0.183134
0.028683
0.050738
0.351699
0.802809
0.411867
0.132049
0.943897
0.509371
0.458126
0.023334
0.273315
0.912989
0.398436
0.067496
0.479424
0.400597
0.011955
0.691673
0.060638
0.074437
0.929171
0.182072
0.673096
0.238658
0.224943
0.401412
0.049876
0.214465
0.300173
0.940105
0.134040
0.146705
0.941742
0.961938
0.220060
0.893146
0.324122
0.121749
0.860037
0.365392
0.262841
0.971556
0.106503
0.998693
0.146050
0.130223
0.685295
0.695078
0.051130
0.856471
0.817662
0.129327
0.098610
0.423996
0.380648
0.369454
0.899403
0.686708
0.659953
0.976394
0.532437
0.145650
0.272907
0.481720
0.479939
0.868457
0.845395
0.372382
0.182738
0.685463
0.088604
0.872916
0.933085
0.885124
0.184572
0.038354
0.671055
0.297845
0.725669
0.340943
0.014227
0.517324
0.081584
0.058464
0.667892
0.359176
0.584081
0.521225
0.398395
0.554811
0.918928
0.760123
0.738552
0.343014
0.143747
0.906016
0.229944
0.328980
0.820632
0.428598
0.114001
0.903261
0.852377
0.173779
0.896640
0.162919
0.936872
0.764281
0.379187
0.659017
0.086082
0.786052
0.007952
0.742381
0.774805
0.539783
0.121034
0.615873
0.592770
0.375706
0.860834
0.862041
0.718889
0.496522
0.197726
0.710104
0.794944
0.993376
0.087003
0.078105
0.660884
0.664483
0.693284
0.884790
0.114517
0.318330
0.866235
0.206102
0.723848
0.863346
0.086449
0.855476
0.207410
0.923087
0.546860
0.640636
0.070349
0.680758
0.233978
0.985900
0.599910
0.006469
0.661649
0.610179
0.457294
0.568692
0.892459
0.901807
0.988946
0.102522
0.964979
0.356169
0.659909
0.122864
0.144322
0.573254
0.365050
0.188655
0.418352
0.324984
0.464457
0.562169
0.578490
0.138034
0.266818
0.777852
0.735026
0.338406
0.923670
0.675222
0.967900
0.693117
0.435642
0.718405
0.439699
0.808171
0.261005
0.849616
0.913685
0.670311
0.645970
0.575842
0.639294
0.478142
0.276993
0.590718
0.501979
0.693688
0.750675
0.260878
0.685415
0.085767
0.681780
0.099626
0.061883
0.273967
0.969330
0.057927
0.926116
0.103384
0.367422
0.118040
0.147764
0.068458
0.317494
0.271192
0.177785
0.309510
0.328788
0.403992
0.621362
0.270096
0.540101
0.337053
0.033836
0.574225
0.866496
0.014418
0.406444
0.612978
0.227926
0.610073
0.314549
0.578346
0.458589
0.256953
0.399001
0.556147
0.751664
0.875974
0.690765
0.056053
0.748719
0.626608
0.576137
0.244460
0.584578
0.071151
0.988184
0.944232
0.179253
0.675908
0.417794
0.263121
0.386124
0.746568
0.004334
0.960821
0.536007
0.699706
0.411177
0.809014
0.682256
0.603270
0.809610
0.692658
0.415946
0.456218
0.122089
0.572679
0.303349
0.966486
0.309473
0.958683
0.596108
0.300502
0.272454
0.799528
0.968884
0.310979
0.776483
0.242801
0.802388
0.693472
0.851056
0.482602
0.393055
0.187376
0.394698
0.250348
0.184937
0.147628
0.670459
0.911282
0.093776
0.960930
0.923374
0.735718
0.713075
0.860631
0.217944
0.545158
0.276080
0.887953
0.046916
0.746880
0.177972
0.753884
0.184624
0.062546
0.491883
0.476335
0.866761
0.525117
0.318311
0.654445
0.075748
0.839216
0.718007
0.794120
0.440096
0.503352
0.109035
0.213993
0.817639
0.238256
0.562483
0.414132
0.436783
0.784944
0.002973
0.603643
0.727235
0.089104
0.678933
0.089251
0.537702
0.667775
0.205055
0.816034
0.280829
0.680068
0.560306
0.090076
0.989897
0.094270
0.780720
0.877490
0.851588
0.227351
0.437940
0.108582
0.283619
0.643365
0.807323
0.227303
0.231972
0.080137
0.556585
0.585543
0.860678
0.681569
0.949609
0.606225
0.306662
0.479519
0.705917
0.440289
0.140619
0.931000
0.093971
0.879904
0.890992
0.077953
0.135312
0.634958
0.344128
0.855858
0.994264
0.739224
0.242052
0.751117
0.203325
0.700090
0.829276
0.690092
0.454759
0.498046
0.555747
0.875548
0.018934
0.385407
0.610728
0.336620
0.428026
0.388096
0.427778
0.573922
0.740096
0.948323
0.430193
0.299963
0.578115
0.678160
0.961541
0.543873
0.434558
0.869258
0.295339
0.905573
0.280513
0.733020
0.257489
0.033819
0.612973
0.189650
0.443160
0.872495
0.847756
0.290772
0.221838
0.862045
0.055445
0.525913
0.465121
0.341331
0.678717
0.147104
0.765820
0.902740
0.090380
0.835093
0.605021
0.251145
0.780051
0.761150
0.862195
0.641405
0.307930
0.285992
0.199409
0.771558
0.164874
0.941979
0.811363
0.333485
0.052313
0.731884
0.914503
0.462340
0.606221
0.686599
0.547059
0.565685
0.903008
0.923304
0.009348
0.249877
0.246498
0.064590
0.470889
0.737525
0.738971
0.062867
0.811489
0.687716
0.514714
0.739685
0.372023
0.508139
0.087074
0.973079
0.721236
0.787738
0.092538
0.616816
0.779278
0.085394
0.744045
0.746396
0.333899
0.864895
0.451474
0.920605
0.986260
0.670010
0.421399
0.628949
0.838589
0.128971
0.418123
0.266061
0.476704
0.015114
0.401192
0.897155
0.526190
0.267842
0.622312
0.910552
0.642534
0.785888
0.099515
0.791218
0.208994
0.421534
0.049542
0.965227
0.304654
0.026218
0.153180
0.336448
0.462648
0.465800
0.257107
0.386416
0.935594
0.903621
0.155081
0.234921
0.461773
0.784381
0.905904
0.932478
0.473363
0.721900
0.728104
0.166408
0.141815
0.151425
0.148767
0.298531
0.951939
0.766929
0.208051
0.144531
0.445289
0.945607
0.236000
0.054436
0.613324
0.752896
0.146856
0.646413
0.669742
0.483265
0.803917
0.020614
0.516086
0.052445
0.193884
0.188315
0.190038
0.914556
0.620161
0.593785
0.279455
0.051260
0.560668
0.210936
0.908967
0.649244
0.714506
0.463242
0.144997
0.119607
0.483746
0.107989
0.972847
0.165635
0.236709
0.573333
0.383682
0.893736
0.201364
0.965929
0.539220
0.298546
0.338554
0.203351
0.930550
0.846929
0.378341
0.847763
0.217094
0.188329
0.956892
0.963219
0.544161
0.591303
0.507257
0.782228
0.660071
0.604433
0.569934
0.907141
0.000279
0.537059
0.157252
0.815486
0.305781
0.199865
0.840850
0.563848
0.160304
0.910849
0.417549
0.932858
0.064775
0.761515
0.371241
0.583656
0.913706
0.910366
0.840590
0.490002
0.797665
0.751558
0.692570
0.074893
0.804621
0.096748
0.601456
0.560565
0.769726
0.301647
0.327169
0.358784
0.365018
0.620497
0.565016
0.442240
0.845112
0.862244
0.510785
0.592241
0.413649
0.386090
0.809467
0.169794
0.888295
0.453554
0.978445
0.300680
0.592668
0.138295
0.501912
0.283528
0.696301
0.907474
0.552840
0.827557
0.730709
0.971610
0.190866
0.515497
0.558020
0.559734
0.791621
0.881337
0.128619
0.789595
0.859584
0.661418
0.709126
0.212959
0.370817
0.879352
0.346217
0.942634
0.770851
0.499348
0.425468
0.044079
0.850822
0.537504
0.046774
0.389437
0.703957
0.364130
0.551245
0.037115
0.579018
0.341945
0.598646
0.090548
0.547401
0.858800
0.343683
0.013590
0.182267
0.137998
0.476701
0.850993
0.777411
0.185201
0.631354
0.134275
0.121009
0.827373
0.981122
0.203832
0.600127
0.138510
0.751833
0.448867
0.806048
0.872528
0.687950
0.442766
0.757264
0.900290
0.561174
0.957566
0.261253
0.353161
0.326298
0.634469
0.472961
0.489691
0.434308
0.275158
0.987314
0.053886
0.975871
0.482521
0.546566
0.852029
0.450883
0.090613
0.602111
0.608514
0.150886
0.073651
0.935123
0.419725
0.950915
0.123720
0.089423
0.391514
0.057325
0.701073
0.321238
0.599327
0.110926
0.402011
0.399418
0.279480
0.348603
0.459602
0.779122
0.802907
0.998719
0.161058
0.789669
0.652657
0.077437
0.713264
0.652812
0.718792
0.028436
0.319173
0.332979
0.952527
0.208375
0.459116
0.192028
0.565916
0.222581
0.677859
0.891206
0.234104
0.120697
0.462355
0.072313
0.600961
0.040694
0.924890
0.154722
0.028664
0.342431
0.098878
0.032312
0.700994
0.431031
0.446379
0.472171
0.406051
0.938240
0.180450
0.354898
0.497543
0.695842
0.058132
0.421031
0.568765
0.816639
0.992620
0.990021
0.558100
0.173294
0.626748
0.834751
0.877029
0.478460
0.502409
0.955073
0.433642
0.016147
0.950047
0.115912
0.839531
0.401022
0.203234
0.404186
0.791461
0.344029
0.265904
0.524278
0.024130
0.402277
0.153061
0.400446
0.294903
0.715451
0.394698
0.593284
0.830451
0.898107
0.477262
0.140925
0.641208
0.141068
0.293002
0.843532
0.793267
0.725737
0.373069
0.493585
0.884990
0.367243
0.325535
0.151711
0.460018
0.120961
0.162568
0.497558
0.442995
0.420528
0.608875
0.621309
0.285757
0.957189
0.975134
0.296340
0.308924
0.490994
0.963220
0.703388
0.225761
0.099895
0.197863
0.779311
0.385439
0.841106
0.839348
0.981957
0.349388
0.706185
0.021215
0.051197
0.958197
0.022339
0.448803
0.374116
0.231640
0.987595
0.571918
0.165485
0.993364
0.935698
0.410320
0.283688
0.127809
0.834367
0.713911
0.522894
0.109143
0.657032
0.725928
0.330057
0.389671
0.084063
0.610923
0.332652
0.459737
0.583187
0.686203
0.163065
0.322244
0.624713
0.675275
0.618147
0.896507
0.104740
0.404113
0.059680
0.909504
0.296301
0.835081
0.494787
0.090516
0.256440
0.631546
0.650312
0.662598
0.729918
0.092131
0.532189
0.506030
0.777751
0.026655
0.359438
0.205549
0.065336
0.584535
0.895428
0.177385
0.139030
0.763722
0.946664
0.563139
0.505010
0.597244
0.636070
0.402338
0.785827
0.682646
0.415781
0.961269
0.771017
0.321093
0.034808
0.578885
0.360639
0.708151
0.383719
0.881627
0.411975
0.743254
0.790840
0.082425
0.880738
0.495156
0.027579
0.666633
0.926371
0.957139
0.138645
0.350064
0.162381
0.067385
0.166946
0.402424
0.386796
0.012740
0.902126
0.988218
0.986400
0.716233
0.345991
0.059224
0.049550
0.272455
0.677508
0.858833
0.348356
0.810106
0.661926
0.277409
0.545179
0.361409
0.615902
0.119845
0.827663
0.815988
0.182365
0.563507
0.247874
0.785536
0.491544
0.985748
0.012966
0.911058
0.761243
0.033407
0.182701
0.888556
0.021117
0.229590
0.002356
0.237943
0.704565
0.458217
0.287802
0.298136
0.119031
0.746901
0.509637
0.204740
0.334652
0.399473
0.579977
0.495118
0.907113
0.792069
0.661555
0.285723
0.189727
0.771825
0.967715
0.236280
0.318106
0.862353
0.312461
0.821322
0.773689
0.616804
0.305361
0.886275
0.332716
0.835669
0.664328
0.835725
0.994538
0.884013
0.967584
0.398424
0.034790
0.613811
0.005996
0.871615
0.346188
0.270860
0.305751
0.200154
0.617497
0.606390
0.317440
0.356029
0.588326
0.944960
0.734476
0.095678
0.816349
0.778071
0.599181
0.528756
0.300281
0.428786
0.167731
0.025656
0.365716
0.744135
0.476205
0.514468
0.821588
0.011565
0.543056
0.182859
0.729011
0.894388
0.131209
0.531591
0.703087
0.531492
0.040327
0.804458
0.281605
0.928470
0.753053
0.793683
0.868009
0.446763
0.255980
0.525399
0.653717
0.208215
0.532747
0.060513
0.485931
0.953477
0.497596
0.775217
0.481975
0.902236
0.176660
0.049613
0.612088
0.146377
0.536873
0.398508
0.808912
0.859723
0.471641
0.713164
0.142211
0.162374
0.326722
0.122264
0.583242
0.163190
0.019978
0.837078
0.085966
0.264073
0.448287
0.190476
0.401731
0.692009
0.135202
0.568000
0.303962
0.813425
0.718734
0.845101
0.117750
0.095603
0.922447
0.981222
0.005150
0.332223
0.745335
0.784015
0.741538
0.868375
0.834251
0.405261
0.446652
0.928908
0.372618
0.756857
0.189326
0.292529
0.329870
0.448490
0.583401
0.269750
0.310395
0.690119
0.624916
0.200390
0.667090
0.645582
0.102262
0.520706
0.399981
0.889717
0.278615
0.422390
0.964033
0.997557
0.486841
0.570756
0.161341
0.843028
0.930600
0.533282
0.011871
0.962340
0.115849
0.843383
0.368446
0.052546
0.707178
0.609109
0.774542
0.679673
0.910846
0.891935
0.958815
0.722926
0.947450
0.968500
0.374616
0.533957
0.555899
0.673511
0.397091
0.235372
0.032521
0.874174
0.094920
0.145212
0.002138
0.532570
0.500160
0.149395
0.354397
0.633684
0.422089
0.934405
0.964254
0.819508
0.375250
0.642563
0.441583
0.190775
0.789966
0.072843
0.130409
0.530436
0.182126
0.906133
0.630905
0.593991
0.865540
0.220612
0.883123
0.353742
0.064573
0.841707
0.258205
0.306236
0.448450
0.811393
0.189288
0.430626
0.639803
0.021593
0.712657
0.718640
0.806074
0.636423
0.017188
0.292322
0.118766
0.647465
0.688820
0.952451
0.104246
0.518495
0.918642
0.646229
0.760011
0.254341
0.707967
0.077052
0.325895
0.279811
0.458428
0.280403
0.161106
0.186724
0.328804
0.121634
0.678093
0.993614
0.805655
0.719278
0.901878
0.391151
0.687825
0.526929
0.129411
0.192415
0.531937
0.244590
0.065594
0.790915
0.462289
0.318918
0.317430
0.435944
0.051538
0.282832
0.390185
0.301522
0.836450
0.241441
0.390288
0.484471
0.152226
0.255411
0.886065
0.319364
0.367589
0.330379
0.553155
0.340948
0.410242
0.887951
0.697836
0.330065
0.085537
0.474862
0.206808
0.349260
0.018029
0.814310
0.354575
0.772643
0.082947
0.036453
0.898448
0.918429
0.194953
0.563545
0.821556
0.471927
0.482610
0.372968
0.524150
0.917294
0.270838
0.723408
0.944878
0.266386
0.499992
0.359741
0.300139
0.545548
0.848191
0.612476
0.792500
0.130372
0.865182
0.496518
0.125382
0.668453
0.607863
0.669570
0.291466
0.187445
0.266864
0.069387
0.357844
0.577279
0.511121
0.611015
0.076496
0.160226
0.878036
0.557303
0.629521
0.728272
0.387844
0.498451
0.539279
0.538927
0.844373
0.368050
0.112082
0.751344
0.191477
0.960495
0.498424
0.022595
0.870348
0.376101
0.877989
0.243494
0.935003
0.508077
0.139376
0.834229
0.512962
0.061048
0.138146
0.460154
0.947530
0.960320
0.908520
0.761558
0.076856
0.021416
0.922999
0.561912
0.951575
0.037127
0.987308
0.042314
0.434242
0.688017
0.309400
0.620624
0.046383
0.802356
0.573644
0.961607
0.519374
0.907681
0.581576
0.199039
0.475995
0.564165
0.740079
0.723305
0.617153
0.228835
0.209744
0.622233
0.002847
0.293251
0.138717
0.190787
0.912001
0.040345
0.732621
0.312064
0.374584
0.265198
0.067714
0.450996
0.573410
0.186254
0.554712
0.839196
0.502789
0.078090
0.360588
0.597897
0.818942
0.621606
0.059858
0.909152
0.180623
0.438100
0.256385
0.020646
0.274344
0.569201
0.743013
0.006054
0.115829
0.351136
0.293150
0.646765
0.656627
0.369928
0.760683
0.440141
0.264442
0.939717
0.363957
0.741656
0.919030
0.557366
0.798737
0.397834
0.596274
0.340649
0.566313
0.417958
0.347227
0.059311
0.178010
0.311194
0.848754
0.420442
0.622509
0.774745
0.827955
0.371706
0.378150
0.524162
0.802534
0.344350
0.180995
0.723009
0.334877
0.399956
0.785688
0.226633
0.092616
0.001780
0.668573
0.821107
0.052016
0.543571
0.963487
0.970415
0.364135
0.271500
0.110057
0.945809
0.349583
0.635869
0.648185
0.971057
0.761355
0.778105
0.926612
0.798353
0.721722
0.965038
0.684121
0.738296
0.281096
0.359507
0.844681
0.796569
0.064028
0.104680
0.459747
0.963454
0.772132
0.951173
0.829817
0.837221
0.277885
0.753474
0.063412
0.619038
0.204833
0.883958
0.294384
0.405238
0.426680
0.679655
0.172725
0.289688
0.587571
0.129679
0.032538
0.958853
0.291889
0.188452
0.814840
0.295159
0.308173
0.303509
0.498378
0.177489
0.862730
0.343784
0.217767
0.509446
0.648236
0.049986
0.907072
0.320214
0.252070
0.981261
0.682651
0.892601
0.870795
0.398976
0.637941
0.241047
0.401382
0.440653
0.095669
0.860949
0.836466
0.327619
0.176144
0.846839
0.668268
0.856893
0.698187
0.802711
0.482955
0.645574
0.925198
0.390953
0.459953
0.615447
0.689673
0.648855
0.940062
0.255267
0.531184
0.785110
0.378602
0.218428
0.229152
0.709416
0.332299
0.455399
0.367016
0.811175
0.046339
0.609873
0.823851
0.390235
0.617886
0.101171
0.316146
0.781231
0.601935
0.321225
0.163874
0.330940
0.371697
0.628692
0.324776
0.955231
0.742193
0.249009
0.159863
0.733457
0.146936
0.721882
0.066086
0.992264
0.436114
0.322612
0.705740
0.545660
0.382895
0.046965
0.785195
0.715725
0.954169
0.547893
0.170414
0.030241
0.576325
0.109944
0.424182
0.062424
0.923013
0.776563
0.603417
0.357563
0.697063
0.814784
0.413214
0.238844
0.758174
0.943877
0.942878
0.328199
0.515398
0.730058
0.035948
0.701331
0.735228
0.679159
0.286174
0.069814
0.224350
0.270599
0.815432
0.702398
0.871133
0.198642
0.387169
0.635427
0.584250
0.435490
0.223738
0.691110
0.147179
0.426997
0.846449
0.512284
0.315489
0.819602
0.321081
0.995299
0.235878
0.766847
0.186138
0.598894
0.046709
0.786163
0.466634
0.808331
0.849259
0.688368
0.346065
0.160249
0.844160
0.068623
0.862058
0.384210
0.893804
0.628703
0.827821
0.659835
0.996061
0.251916
0.078437
0.317859
0.127177
0.947173
0.111012
0.101727
0.347663
0.322483
0.320720
0.030588
0.805085
0.424036
0.868552
0.414529
0.677198
0.434225
0.248555
0.747223
0.792778
0.827038
0.803840
0.857380
0.846596
0.504555
0.274777
0.735464
0.292705
0.929928
0.335969
0.531481
0.877435
0.918189
0.569870
0.513123
0.587031
0.511624
0.024857
0.423393
0.778181
0.561658
0.481841
0.027830
0.176901
0.312754
0.601331
0.184671
0.611658
0.471843
0.829645
0.544891
0.103643
0.538072
0.448580
0.346970
0.491999
0.583088
0.573643
0.253347
0.013513
0.247789
0.747219
0.177551
0.931152
0.047574
0.762162
0.004990
0.367846
0.778672
0.971135
0.689635
0.403080
0.497374
0.489282
0.489992
0.225359
0.810865
0.506002
0.614884
0.755111
0.253340
0.070452
0.116455
0.319225
0.350405
0.909979
0.504133
0.993155
0.936735
0.879787
0.105655
0.256106
0.692876
0.067335
0.889389
0.537930
0.432263
0.087576
0.340995
0.874913
0.419188
0.153846
0.163182
0.342518
0.233282
0.205225
0.613093
0.803213
0.564150
0.716941
0.348815
0.460373
0.970968
0.180312
0.664239
0.939890
0.031461
0.755780
0.557334
0.287234
0.334551
0.420228
0.434496
0.307529
0.962013
0.851112
0.929547
0.362665
0.063402
0.978577
0.577413
0.601091
0.231344
0.121490
0.830257
0.518914
0.582752
0.817042
0.855634
0.246827
0.015623
0.140975
0.027481
0.607757
0.131838
0.160956
0.798215
0.985758
0.198906
0.676417
0.814670
0.757235
0.399660
0.390117
0.745796
0.720276
0.578936
0.728773
0.336343
0.866291
0.935180
0.066233
0.722514
0.298454
0.325086
0.205252
0.907087
0.728267
0.239471
0.279659
0.911969
0.834222
0.479222
0.574286
0.004320
0.811811
0.307000
0.104138
0.829258
0.523097
0.015153
0.597590
0.163666
0.456041
0.383215
0.563846
0.581058
0.771975
0.007523
0.750946
0.066472
0.955474
0.278906
0.412837
0.943714
0.687717
0.547130
0.891890
0.754055
0.196496
0.105020
0.150871
0.421504
0.130145
0.120931
0.725937
0.773848
0.401607
0.882247
0.207591
0.510518
0.721230
0.689383
0.056540
0.609530
0.672489
0.408221
0.341689
0.849878
0.045331
0.883929
0.778861
0.167301
0.921965
0.151779
0.374603
0.961428
0.425934
0.826617
0.445571
0.904154
0.625547
0.686332
0.197693
0.301370
0.881718
0.353916
0.670473
0.604443
0.320174
0.374277
0.227039
0.422687
0.852758
0.654805
0.586625
0.447643
0.573086
0.005812
0.601805
0.408418
0.743615
0.493820
0.036454
0.255616
0.707253
0.016421
0.399749
0.948931
0.377711
0.725001
0.074008
0.627951
0.947568
0.143033
0.563074
0.740810
0.026459
0.739851
0.529404
0.417024
0.413898
0.891814
0.786921
0.904948
0.719354
0.910129
0.360312
0.977247
0.616097
0.055293
0.993798
0.679837
0.838620
0.881448
0.242176
0.147193
0.667296
0.096240
0.855901
0.464556
0.271969
0.851594
0.369428
0.664534
0.835116
0.513965
0.018088
0.136158
0.795953
0.496020
0.268521
0.849306
0.273135
0.488372
0.491793
0.936805
0.138504
0.437876
0.140448
0.497333
0.265491
0.932763
0.076761
0.275614
0.320224
0.460613
0.418213
0.903921
0.800706
0.355804
0.685896
0.847702
0.433047
0.639782
0.489227
0.325737
0.387683
0.772001
0.791368
0.305661
0.211884
0.261413
0.031167
0.166569
0.322892
0.297030
0.657064
0.297436
0.439733
0.795787
0.600104
0.829431
0.388662
0.583193
0.512823
0.795657
0.604349
0.073136
0.128934
0.071332
0.642158
0.161288
0.757291
0.943973
0.610155
0.668040
0.301961
0.338296
0.418918
0.520165
0.746952
0.589822
0.579782
0.111187
0.931625
0.029771
0.173265
0.451995
0.050086
0.879406
0.040402
0.154268
0.504069
0.729834
0.053571
0.024841
0.316818
0.881990
0.051986
0.106543
0.968451
0.468739
0.416875
0.675275
0.221444
0.676542
0.953858
0.278178
0.016546
0.757165
0.419935
0.522170
0.260017
0.618363
0.979230
0.190967
0.330635
0.735750
0.773547
0.584004
0.625821
0.653366
0.854759
0.991958
0.148657
0.943569
0.896693
0.208877
0.555144
0.795634
0.638260
0.991369
0.539716
0.080112
0.031568
0.746434
0.911460
0.597779
0.528351
0.734293
0.987736
0.394248
0.878157
0.109938
0.781120
0.535606
0.792892
0.687546
0.775021
0.136074
0.153994
0.840778
0.953412
0.149274
0.961508
0.744692
0.486630
0.181378
0.105998
0.252656
0.423983
0.577902
0.427928
0.985133
0.401230
0.482777
0.364935
0.001220
0.745493
0.524842
0.585894
0.581874
0.855234
0.946788
0.828689
0.949665
0.983185
0.056259
0.825112
0.289985
0.344873
0.449611
0.804293
0.317212
0.491877
0.090590
0.141098
0.411574
0.105443
0.071574
0.321827
0.909377
0.364540
0.248132
0.267520
0.717972
0.229124
0.681273
0.896735
0.285396
0.349295
0.526591
0.958609
0.941559
0.527797
0.942776
0.068616
0.024119
0.339158
0.340387
0.094989
0.180453
0.512587
0.094196
0.981539
0.696194
0.240259
0.033894
0.545829
0.906417
0.152898
0.999277
0.861946
0.580405
0.256842
0.229221
0.566176
0.783020
0.516354
0.441774
0.360827
0.015791
0.284969
0.235104
0.775458
0.079015
0.166148
0.168169
0.074321
0.640684
0.108782
0.298609
0.433123
0.290299
0.617526
0.358995
0.152934
0.067316
0.207852
0.976033
0.746673
0.909107
0.022119
0.604616
0.189208
0.099321
0.824624
0.944371
0.315066
0.192378
0.015076
0.244477
0.117820
0.457965
0.198603
0.437190
0.874877
0.939917
0.237034
0.857092
0.521193
0.653865
0.935265
0.382514
0.984337
0.267539
0.550211
0.984393
0.439655
0.903883
0.684774
0.184680
0.594925
0.426605
0.153078
0.336157
0.179160
0.756893
0.560492
0.607488
0.506703
0.106672
0.972504
0.696010
0.757354
0.301226
0.115952
0.143355
0.347564
0.112421
0.352380
0.615937
0.614869
0.533932
0.544803
0.159085
0.474800
0.532933
0.055606
0.799216
0.194628
0.842647
0.468273
0.294981
0.630061
0.473142
0.676226
0.925602
0.008605
0.346498
0.784791
0.205354
0.146762
0.946038
0.636322
0.014998
0.037614
0.293211
0.010164
0.673789
0.253693
0.294811
0.587245
0.442140
0.790177
0.985509
0.388237
0.858667
0.005233
0.201594
0.861614
0.479337
0.991618
0.683373
0.233681
0.681793
0.639072
0.416030
0.096979
0.766844
0.532062
0.344062
0.313984
0.351853
0.756964
0.030336
0.095027
0.851693
0.054098
0.755124
0.012588
0.636361
0.313493
0.279050
0.076937
0.080721
0.347622
0.264248
0.301845
0.527380
0.336129
0.974305
0.081776
0.331481
0.040530
0.020537
0.205336
0.035027
0.130629
0.577146
0.923294
0.785144
0.595296
0.223846
0.522351
0.213996
0.201255
0.096909
0.129473
0.977146
0.719331
0.819783
0.313487
0.596229
0.403945
0.743730
0.566252
0.212406
0.250909
0.628942
0.771689
0.628545
0.872538
0.324140
0.913853
0.040441
0.595484
0.413308
0.878774
0.523814
0.174497
0.468373
0.127187
0.817439
0.449480
0.230110
0.930017
0.341137
0.443168
0.304569
0.296606
0.897407
0.488103
0.413217
0.813934
0.379798
0.783360
0.942917
0.561456
0.243295
0.629718
0.391196
0.825163
0.023347
0.492744
0.075133
0.906869
0.517810
0.055281
0.905596
0.066044
0.057165
0.003974
0.106721
0.690471
0.451245
0.388340
0.906858
0.548753
0.373723
0.384599
0.488776
0.186265
0.232676
0.890072
0.865329
0.063213
0.545100
0.341051
0.712622
0.654616
0.299721
0.640045
0.626572
0.826716
0.563637
0.753239
0.344117
0.781933
0.195626
0.483685
0.321144
0.956981
0.751091
0.212039
0.492366
0.995926
0.624628
0.853480
0.355910
0.913784
0.425391
0.822091
0.270200
0.489034
0.798713
0.165884
0.329241
0.208041
0.892807
0.667392
0.361627
0.043139
0.535536
0.989734
0.044359
0.527467
0.862905
0.626159
0.360600
0.381472
0.049652
0.534042
0.530391
0.071830
0.091430
0.555101
0.788522
0.449364
0.340354
0.429336
0.874554
0.805415
0.336915
0.848385
0.074372
0.403681
0.425866
0.598728
0.529475
0.881518
0.752607
0.178004
0.846722
0.932053
0.165726
0.752086
0.651534
0.390937
0.791130
0.435726
0.449374
0.486787
0.924177
0.835321
0.717155
0.753737
0.452738
0.982117
0.437227
0.751456
0.072749
0.009959
0.563258
0.205453
0.400618
0.675716
0.796313
0.368286
0.673229
0.635620
0.919642
0.229213
0.512396
0.385831
0.430767
0.561369
0.637420
0.331995
0.551404
0.585893
0.464151
0.690523
0.905280
0.143047
0.473924
0.395680
0.431071
0.669150
0.820737
0.136909
0.052863
0.391152
0.044428
0.130965
0.770441
0.223487
0.363312
0.956277
0.938246
0.644120
0.997510
0.173180
0.676016
0.432003
0.719666
0.413700
0.392874
0.733436
0.930536
0.867085
0.468984
0.584267
0.822059
0.215261
0.214733
0.579305
0.958756
0.686047
0.207892
0.613592
0.185331
0.961277
0.418010
0.007104
0.841502
0.905017
0.608356
0.202033
0.470717
0.032197
0.551317
0.508748
0.980028
0.038977
0.487614
0.962948
0.068936
0.660412
0.664850
0.511887
0.361730
0.795463
0.414480
0.082959
0.308212
0.071218
0.800918
0.170982
0.866776
0.849208
0.211547
0.198506
0.778890
0.945132
0.169506
0.844652
0.503326
0.744102
0.049105
0.133561
0.868798
0.874487
0.286474
0.311147
0.550515
0.361369
0.161966
0.412851
0.271756
0.604745
0.035997
0.052005
0.157802
0.831481
0.362565
0.758275
0.889098
0.641586
0.312352
0.212483
0.312784
0.914298
0.085003
0.726423
0.241479
0.029925
0.364003
0.626322
0.328388
0.304065
0.952196
0.596979
0.557350
0.535685
0.349938
0.938639
0.935291
0.254330
0.842444
0.484677
0.270735
0.507587
0.942933
0.455398
0.747307
0.098442
0.759260
0.829192
0.909749
0.574338
0.708832
0.502551
0.478283
0.213312
0.366797
0.552524
0.809424
0.858857
0.162294
0.188477
0.670019
0.363336
0.079434
0.838191
0.909054
0.104783
0.171205
0.724621
0.026987
0.318659
0.198475
0.566804
0.659632
0.406961
0.744552
0.394364
0.661069
0.232261
0.743737
0.818205
0.711477
0.625230
0.289565
0.255888
0.287144
0.696279
0.427799
0.031749
0.850631
0.258831
0.831606
0.763336
0.521803
0.527382
0.976417
0.349029
0.814559
0.817133
0.222687
0.059801
0.058747
0.993456
0.934051
0.599069
0.677313
0.222292
0.979060
0.959814
0.625373
0.723964
0.404515
0.249627
0.417670
0.101105
0.762123
0.829386
0.666045
0.531252
0.472730
0.665984
0.868204
0.305602
0.645056
0.993818
0.470055
0.577405
0.020958
0.047012
0.507869
0.950815
0.939286
0.877880
0.670570
0.472151
0.099084
0.585847
0.359299
0.632503
0.868548
0.313748
0.394153
0.278727
0.045120
0.404493
0.461916
0.102024
0.156516
0.676062
0.167277
0.889760
0.282025
0.181989
0.667781
0.062990
0.318743
0.562593
0.383427
0.499331
0.980632
0.712933
0.714923
0.810144
0.854438
0.672350
0.330767
0.534397
0.587260
0.253118
0.068607
0.592003
0.238726
0.364209
0.715276
0.552187
0.256206
0.369702
0.796681
0.681621
0.915942
0.708028
0.052155
0.924341
0.427172
0.572108
0.336989
0.782980
0.530322
0.080836
0.403095
0.714789
0.822218
0.258345
0.327218
0.896415
0.217107
0.538670
0.867336
0.886442
0.983826
0.298869
0.952333
0.584446
0.075511
0.057850
0.858255
0.560948
0.328128
0.206972
0.338709
0.442449
0.336764
0.540903
0.682648
0.860876
0.593178
0.166989
0.933714
0.096084
0.594171
0.127906
0.505243
0.240149
0.694890
0.930309
0.588722
0.189187
0.383747
0.925465
0.527777
0.395698
0.772011
0.144709
0.074926
0.084310
0.855255
0.753199
0.987997
0.627581
0.908564
0.378042
0.143330
0.430366
0.527337
0.183035
0.007592
0.614879
0.417067
0.688604
0.638123
0.073525
0.057814
0.982757
0.279412
0.986161
0.844133
0.801140
0.931305
0.776453
0.206616
0.706161
0.796294
0.194220
0.376444
0.798172
0.579467
0.754717
0.542022
0.956738
0.007521
0.481407
0.703095
0.406297
0.884306
0.328119
0.843020
0.760474
0.901957
0.816190
0.154023
0.095284
0.709356
0.782435
0.985616
0.717303
0.525433
0.139437
0.634777
0.382359
0.826317
0.896383
0.163094
0.434920
0.177422
0.273162
0.092462
0.851001
0.863756
0.669491
0.657688
0.873714
0.399199
0.270097
0.225117
0.609467
0.240820
0.230778
0.147175
0.918857
0.401542
0.998058
0.448855
0.754581
0.029074
0.483915
0.819156
0.873943
0.707097
0.468802
0.719968
0.125446
0.310379
0.544045
0.324384
0.788635
0.209402
0.376955
0.686791
0.358720
0.261506
0.862885
0.733665
0.793975
0.315287
0.252874
0.674320
0.505199
0.091397
0.584525
0.014564
0.105962
0.877902
0.594923
0.556762
0.848089
0.939913
0.012495
0.189507
0.444319
0.028860
0.715470
0.275296
0.704180
0.021469
0.532490
0.556252
0.004500
0.746974
0.443262
0.508962
0.465273
0.093100
0.521084
0.848081
0.593418
0.900034
0.598222
0.423851
0.721910
0.852830
0.750247
0.257753
0.269876
0.567218
0.900090
0.496085
0.177668
0.867876
0.489968
0.635933
0.335362
0.494983
0.573407
0.034917
0.775698
0.029484
0.204410
0.841607
0.682486
0.429749
0.451034
0.953469
0.125176
0.588133
0.470025
0.087339
0.763485
0.302296
0.427447
0.750866
0.140898
0.076094
0.765473
0.285710
0.400332
0.238386
0.866268
0.499440
0.422405
0.717265
0.200023
0.084769
0.990851
0.874066
0.357649
0.358502
0.978639
0.807547
0.588673
0.310553
0.863554
0.918680
0.863597
0.979111
0.400823
0.889712
0.935938
0.019697
0.411367
0.853386
0.307382
0.005320
0.276876
0.211848
0.862848
0.883502
0.344541
0.660684
0.972231
0.382894
0.960286
0.513601
0.870502
0.203863
0.031863
0.178445
0.566377
0.498186
0.617290
0.715375
0.175605
0.276261
0.670881
0.314741
0.261481
0.961593
0.698156
0.578535
0.441266
0.745222
0.584206
0.929822
0.388703
0.462027
0.502154
0.440571
0.496520
0.517067
0.787112
0.841454
0.331458
0.061222
0.795327
0.106423
0.174482
0.229856
0.769942
0.092390
0.187842
0.458150
0.033994
0.009595
0.313531
0.964662
0.724148
0.868600
0.844129
0.325337
0.322830
0.468021
0.144030
0.252807
0.715091
0.580128
0.922448
0.999858
0.792862
0.549133
0.329413
0.106876
0.469263
0.333361
0.660745
0.714820
0.599892
0.988536
0.470035
0.603847
0.096657
0.664102
0.852053
0.080030
0.957698
0.943016
0.550795
0.918001
0.544626
0.225291
0.914489
0.316915
0.967920
0.842161
0.393388
0.357382
0.998493
0.855148
0.149414
0.925558
0.815097
0.367751
0.916160
0.042642
0.850466
0.098288
0.266588
0.489943
0.844628
0.054591
0.703581
0.639364
0.791297
0.574551
0.260021
0.250153
0.102143
0.838914
0.761258
0.658176
0.519853
0.185447
0.081829
0.964093
0.571638
0.489830
0.738210
0.284210
0.498049
0.702277
0.051166
0.362710
0.106624
0.346123
0.440936
0.367444
0.750841
0.363480
0.714414
0.403881
0.889292
0.126479
0.851326
0.574086
0.037507
0.560639
0.395918
0.611014
0.569948
0.175807
0.879060
0.253572
0.143258
0.159796
0.341380
0.889382
0.164236
0.334966
0.507106
0.353684
0.895003
0.317195
0.987648
0.211876
0.003752
0.565419
0.230681
0.694187
0.838807
0.159688
0.009408
0.788530
0.828992
0.898364
0.124668
0.313712
0.195089
0.309094
0.274714
0.640896
0.392179
0.782647
0.453140
0.428598
0.560501
0.076649
0.261735
0.811047
0.517528
0.996826
0.884833
0.263359
0.379423
0.700564
0.351278
0.979834
0.772824
0.984559
0.561726
0.741762
0.453463
0.365869
0.611179
0.257432
0.179355
0.372305
0.859359
0.378198
0.588892
0.563925
0.443130
0.703547
0.874016
0.851950
0.383710
0.353465
0.268267
0.192530
0.334812
0.806245
0.186448
0.932509
0.136626
0.308491
0.900898
0.904895
0.256761
0.668076
0.500172
0.525403
0.760654
0.651781
0.221564
0.441819
0.515826
0.421397
0.739349
0.975770
0.673523
0.116185
0.108772
0.969677
0.750315
0.993278
0.803550
0.745791
0.413084
0.586822
0.538769
0.311647
0.892428
0.591950
0.450518
0.608915
0.939791
0.578672
0.040903
0.419166
0.180233
0.388325
0.740561
0.992953
0.103656
0.136629
0.092016
0.066017
0.065655
0.589775
0.507788
0.667456
0.977991
0.736982
0.340186
0.057987
0.175879
0.706880
0.437154
0.724008
0.838097
0.435974
0.014145
0.778128
0.414499
0.361402
0.344216
0.970004
0.774166
0.860320
0.411752
0.928856
0.044421
0.739437
0.919832
0.032800
0.566180
0.608708
0.799702
0.747399
0.054384
0.112984
0.532503
0.400954
0.454779
0.735952
0.541153
0.917010
0.758110
0.770439
0.931466
0.789222
0.111864
0.450199
0.545560
0.917548
0.256541
0.329701
0.093599
0.531590
0.834258
0.767394
0.967959
0.941681
0.528923
0.161568
0.865380
0.954019
0.022295
0.982531
0.979395
0.053962
0.119838
0.301075
0.442862
0.678558
0.813963
0.325273
0.927484
0.774716
0.105342
0.062930
0.075808
0.110503
0.371697
0.665302
0.618400
0.225132
0.032494
0.900028
0.773799
0.475226
0.496864
0.178901
0.069343
0.238970
0.896690
0.685425
0.815395
0.350527
0.438566
0.984658
0.102912
0.617490
0.889302
0.163615
0.291044
0.276072
0.757581
0.207167
0.990300
0.456724
0.394345
0.743001
0.225615
0.012759
0.809451
0.798866
0.216772
0.375883
0.210335
0.922715
0.140911
0.290465
0.848894
0.201548
0.312753
0.129131
0.915590
0.385196
0.395809
0.320277
0.164010
0.901739
0.171473
0.072292
0.204682
0.335762
0.251508
0.977823
0.060888
0.317187
0.098319
0.691767
0.450302
0.660602
0.325607
0.982770
0.017871
0.607706
0.730690
0.881970
0.022648
0.210360
0.364582
0.864991
0.424476
0.960532
0.646216
0.193638
0.914153
0.373665
0.903308
0.964566
0.323541
0.328853
0.311759
0.260982
0.915086
0.637409
0.424550
0.566541
0.737616
0.614757
0.158459
0.144349
0.970578
0.487358
0.369049
0.617636
0.044937
0.943321
0.828334
0.205879
0.752265
0.343921
0.200522
0.219895
0.869249
0.032299
0.180072
0.109217
0.062304
0.851545
0.601286
0.678300
0.807995
0.174456
0.813586
0.438573
0.697907
0.760779
0.949030
0.353460
0.583491
0.240127
0.435728
0.197898
0.886203
0.287242
0.887121
0.421568
0.672079
0.286955
0.506368
0.391677
0.478493
0.805268
0.979953
0.389629
0.360873
0.301604
0.921064
0.947276
0.139919
0.574964
0.798851
0.221030
0.375965
0.935082
0.252807
0.227185
0.758736
0.949457
0.397995
0.645453
0.795835
0.569692
0.784867
0.947339
0.069541
0.301273
0.080418
0.436808
0.549703
0.136921
0.218574
0.438896
0.981572
0.232042
0.345354
0.355527
0.888076
0.075705
0.544135
0.834467
0.514446
0.951755
0.240948
0.228428
0.712292
0.360184
0.916397
0.208115
0.144906
0.006484
0.024497
0.474220
0.984141
0.915294
0.093376
0.437523
0.655979
0.072100
0.639455
0.101239
0.925819
0.207564
0.345967
0.958375
0.359281
0.047541
0.195500
0.223913
0.718607
0.785893
0.986165
0.142750
0.661806
0.361455
0.560135
0.763747
0.478511
0.449117
0.819422
0.469518
0.548554
0.261481
0.883531
0.090806
0.893620
0.286830
0.721697
0.250921
0.605052
0.395526
0.945684
0.577824
0.516389
0.310953
0.757809
0.398130
0.549518
0.085070
0.971386
0.644806
0.349242
0.811065
0.300781
0.517311
0.131785
0.997987
0.535702
0.855072
0.802129
0.663852
0.236962
0.335937
0.118256
0.109547
0.509853
0.834823
0.807146
0.351286
0.252647
0.974531
0.446889
0.197938
0.732213
0.576118
0.035995
0.177004
0.717724
0.908963
0.524992
0.411549
0.547677
0.342837
0.445403
0.861313
0.690570
0.981821
0.649725
